Mode	X(mm)	Y(mm)	Z(mm)	Pmod	tParam
1	203.128	28.621	2.700	0	0.000
0	203.164	28.621	2.700	1	0.298
0	203.140	28.621	2.700	0	0.022
0	203.123	28.627	2.700	1	0.392
0	202.861	28.555	2.700	0	0.226
0	203.384	28.514	2.700	1	0.782
0	203.587	28.401	2.700	0	0.205
0	202.599	28.490	2.700	1	0.780
0	202.343	28.419	2.700	0	0.235
0	203.783	28.294	2.700	1	0.782
0	203.944	28.192	2.700	0	0.168
0	202.093	28.353	2.700	1	0.782
0	201.849	28.282	2.700	0	0.221
0	204.128	28.085	2.700	1	0.781
0	204.265	27.984	2.700	0	0.151
0	201.593	28.216	2.700	1	0.781
0	201.332	28.145	2.700	0	0.236
0	204.426	27.877	2.700	1	0.780
0	204.556	27.776	2.700	0	0.150
0	201.082	28.079	2.700	1	0.781
0	200.820	28.014	2.700	0	0.234
0	204.699	27.669	2.700	1	0.780
0	204.800	27.574	2.700	0	0.126
0	200.582	27.943	2.700	1	0.781
0	200.320	27.877	2.700	0	0.229
0	204.937	27.473	2.700	1	0.782
0	205.044	27.371	2.700	0	0.133
0	200.070	27.806	2.700	1	0.782
0	199.808	27.740	2.700	0	0.229
0	205.134	27.270	2.700	1	0.782
0	205.253	27.169	2.700	0	0.138
0	199.553	27.669	2.700	1	0.782
0	199.291	27.603	2.700	0	0.234
0	205.342	27.074	2.700	1	0.781
0	205.437	26.973	2.700	0	0.123
0	199.029	27.532	2.700	1	0.781
0	198.779	27.467	2.700	0	0.229
0	205.520	26.878	2.700	1	0.781
0	205.621	26.776	2.700	0	0.127
0	198.547	27.395	2.700	1	0.781
0	198.285	27.330	2.700	0	0.229
0	205.699	26.681	2.700	1	0.781
0	205.782	26.580	2.700	0	0.116
0	198.029	27.258	2.700	1	0.781
0	197.767	27.193	2.700	0	0.234
0	205.865	26.485	2.700	1	0.780
0	205.943	26.390	2.700	0	0.111
0	197.506	27.127	2.700	1	0.781
0	197.250	27.056	2.700	0	0.235
0	206.008	26.288	2.700	1	0.781
0	206.092	26.193	2.700	0	0.115
0	197.000	26.991	2.700	1	0.781
0	196.738	26.919	2.700	0	0.241
0	206.151	26.098	2.700	1	0.781
0	206.216	26.003	2.700	0	0.105
0	196.482	26.854	2.700	1	0.781
0	196.232	26.782	2.700	0	0.230
0	206.276	25.908	2.700	1	0.781
0	206.341	25.807	2.700	0	0.109
0	195.977	26.717	2.700	1	0.781
0	195.721	26.645	2.700	0	0.235
0	206.389	25.711	2.700	1	0.781
0	206.449	25.616	2.700	0	0.100
0	195.489	26.580	2.700	1	0.781
0	195.227	26.509	2.700	0	0.231
0	206.502	25.521	2.700	1	0.781
0	206.562	25.426	2.700	0	0.102
0	194.965	26.443	2.700	1	0.781
0	194.715	26.372	2.700	0	0.226
0	206.609	25.331	2.700	1	0.781
0	206.663	25.235	2.700	0	0.099
0	194.471	26.306	2.700	1	0.781
0	194.209	26.235	2.700	0	0.231
0	206.704	25.146	2.700	1	0.781
0	206.758	25.051	2.700	0	0.099
0	194.019	26.164	2.700	1	0.781
0	193.954	26.080	2.700	0	0.094
0	206.782	24.956	2.700	1	0.781
0	206.835	24.861	2.700	0	0.097
0	193.888	25.991	2.700	1	0.781
0	193.841	25.908	2.700	0	0.087
0	206.877	24.765	2.700	1	0.781
0	206.919	24.670	2.700	0	0.094
0	193.775	25.824	2.700	1	0.781
0	193.733	25.735	2.700	0	0.089
0	206.948	24.581	2.700	1	0.781
0	206.990	24.486	2.700	0	0.094
0	193.680	25.652	2.700	1	0.781
0	193.620	25.563	2.700	0	0.097
0	207.026	24.390	2.700	1	0.781
0	207.055	24.295	2.700	0	0.090
0	193.573	25.479	2.700	1	0.781
0	193.537	25.390	2.700	0	0.087
0	207.091	24.206	2.700	1	0.781
0	207.115	24.111	2.700	0	0.089
0	193.483	25.307	2.700	1	0.781
0	193.442	25.218	2.700	0	0.089
0	207.151	24.016	2.700	1	0.781
0	207.168	23.926	2.700	0	0.082
0	193.400	25.128	2.700	1	0.781
0	193.353	25.045	2.700	0	0.087
0	207.186	23.831	2.700	1	0.781
0	207.234	23.742	2.700	0	0.092
0	193.323	24.956	2.700	1	0.781
0	193.275	24.872	2.700	0	0.087
0	207.240	23.647	2.700	1	0.781
0	207.270	23.557	2.700	0	0.085
0	193.251	24.783	2.700	1	0.781
0	193.192	24.694	2.700	0	0.097
0	207.270	23.462	2.700	1	0.781
0	207.317	23.367	2.700	0	0.096
0	193.180	24.605	2.700	1	0.781
0	193.132	24.521	2.700	0	0.087
0	207.323	23.278	2.700	1	0.781
0	207.335	23.189	2.700	0	0.082
0	193.109	24.432	2.700	1	0.781
0	193.073	24.343	2.700	0	0.087
0	207.353	23.093	2.700	1	0.781
0	207.371	23.004	2.700	0	0.082
0	193.043	24.260	2.700	1	0.781
0	193.019	24.170	2.700	0	0.084
0	207.371	22.915	2.700	1	0.781
0	207.401	22.820	2.700	0	0.090
0	192.990	24.081	2.700	1	0.781
0	192.966	23.992	2.700	0	0.084
0	207.406	22.730	2.700	1	0.781
0	207.412	22.635	2.700	0	0.086
0	192.948	23.903	2.700	1	0.781
0	192.906	23.819	2.700	0	0.084
0	207.418	22.546	2.700	1	0.781
0	207.436	22.457	2.700	0	0.082
0	192.900	23.724	2.700	1	0.780
0	192.859	23.641	2.700	0	0.084
0	207.430	22.367	2.700	1	0.781
0	207.448	22.272	2.700	0	0.088
0	192.847	23.552	2.700	1	0.781
0	192.829	23.462	2.700	0	0.082
0	207.430	22.183	2.700	1	0.781
0	207.460	22.088	2.700	0	0.090
0	192.823	23.373	2.700	1	0.781
0	192.775	23.284	2.700	0	0.092
0	207.448	21.999	2.700	1	0.781
0	207.448	21.909	2.700	0	0.081
0	192.775	23.195	2.700	1	0.781
0	192.758	23.105	2.700	0	0.082
0	207.436	21.820	2.700	1	0.781
0	207.460	21.731	2.700	0	0.084
0	192.746	23.016	2.700	1	0.781
0	192.734	22.927	2.700	0	0.082
0	207.442	21.642	2.700	1	0.781
0	207.442	21.546	2.700	0	0.086
0	192.728	22.838	2.700	1	0.781
0	192.704	22.748	2.700	0	0.084
0	207.436	21.457	2.700	1	0.781
0	207.430	21.368	2.700	0	0.081
0	192.698	22.659	2.700	1	0.781
0	192.692	22.570	2.700	0	0.081
0	207.406	21.279	2.700	1	0.781
0	207.430	21.189	2.700	0	0.084
0	192.692	22.475	2.700	1	0.781
0	192.668	22.391	2.700	0	0.078
0	207.395	21.100	2.700	1	0.781
0	207.401	21.011	2.700	0	0.081
0	192.686	22.296	2.700	1	0.781
0	192.656	22.207	2.700	0	0.085
0	207.365	20.922	2.700	1	0.781
0	207.383	20.832	2.700	0	0.082
0	192.674	22.118	2.700	1	0.781
0	192.656	22.028	2.700	0	0.082
0	207.353	20.743	2.700	1	0.781
0	207.341	20.654	2.700	0	0.082
0	192.662	21.939	2.700	1	0.781
0	192.662	21.844	2.700	0	0.086
0	207.317	20.565	2.700	1	0.781
0	207.317	20.475	2.700	0	0.081
0	192.680	21.755	2.700	1	0.781
0	192.650	21.665	2.700	0	0.085
0	207.293	20.386	2.700	1	0.781
0	207.287	20.297	2.700	0	0.083
0	192.674	21.576	2.700	1	0.781
0	192.662	21.487	2.700	0	0.083
0	207.240	20.208	2.700	1	0.781
0	207.234	20.118	2.700	0	0.081
0	192.686	21.392	2.700	1	0.781
0	192.680	21.302	2.700	0	0.081
0	207.210	20.029	2.700	1	0.781
0	207.186	19.940	2.700	0	0.084
0	192.698	21.207	2.700	1	0.781
0	192.704	21.118	2.700	0	0.081
0	207.157	19.857	2.700	1	0.781
0	207.133	19.767	2.700	0	0.084
0	192.716	21.029	2.700	1	0.781
0	192.728	20.933	2.700	0	0.087
0	207.085	19.678	2.700	1	0.781
0	207.091	19.589	2.700	0	0.081
0	192.758	20.844	2.700	1	0.781
0	192.746	20.755	2.700	0	0.082
0	207.038	19.505	2.700	1	0.781
0	207.014	19.416	2.700	0	0.084
0	192.781	20.660	2.700	1	0.781
0	192.775	20.571	2.700	0	0.081
0	206.966	19.327	2.700	1	0.781
0	206.960	19.238	2.700	0	0.081
0	192.817	20.475	2.700	1	0.781
0	192.811	20.386	2.700	0	0.081
0	206.907	19.154	2.700	1	0.781
0	206.883	19.065	2.700	0	0.084
0	192.859	20.291	2.700	1	0.781
0	192.859	20.202	2.700	0	0.081
0	206.835	18.976	2.700	1	0.780
0	206.806	18.887	2.700	0	0.085
0	192.906	20.106	2.700	1	0.781
0	192.894	20.017	2.700	0	0.082
0	206.746	18.803	2.700	1	0.781
0	206.734	18.714	2.700	0	0.082
0	192.948	19.922	2.700	1	0.781
0	192.954	19.827	2.700	0	0.086
0	206.657	18.631	2.700	1	0.781
0	206.651	18.542	2.700	0	0.081
0	192.996	19.738	2.700	1	0.781
0	193.019	19.642	2.700	0	0.089
0	206.579	18.458	2.700	1	0.781
0	206.556	18.369	2.700	0	0.084
0	193.055	19.547	2.700	1	0.781
0	193.085	19.458	2.700	0	0.085
0	206.490	18.286	2.700	1	0.781
0	206.466	18.197	2.700	0	0.086
0	193.132	19.363	2.700	1	0.781
0	193.121	19.273	2.700	0	0.083
0	206.377	18.113	2.700	1	0.781
0	206.359	18.024	2.700	0	0.082
0	193.192	19.172	2.700	1	0.781
0	193.222	19.083	2.700	0	0.085
0	206.270	17.941	2.700	1	0.781
0	206.252	17.851	2.700	0	0.082
0	193.269	18.988	2.700	1	0.781
0	193.305	18.893	2.700	0	0.092
0	206.163	17.768	2.700	1	0.781
0	206.133	17.679	2.700	0	0.085
0	193.359	18.797	2.700	1	0.781
0	193.376	18.708	2.700	0	0.084
0	206.056	17.596	2.700	1	0.781
0	206.014	17.512	2.700	0	0.086
0	193.454	18.607	2.700	1	0.781
0	193.483	18.518	2.700	0	0.085
0	205.919	17.429	2.700	1	0.781
0	205.877	17.340	2.700	0	0.089
0	193.555	18.417	2.700	1	0.781
0	193.579	18.327	2.700	0	0.084
0	205.794	17.256	2.700	1	0.781
0	205.746	17.173	2.700	0	0.089
0	193.668	18.226	2.700	1	0.781
0	193.686	18.137	2.700	0	0.082
0	205.657	17.090	2.700	1	0.781
0	205.610	17.001	2.700	0	0.094
0	193.775	18.036	2.700	1	0.781
0	193.793	17.947	2.700	0	0.084
0	205.497	16.923	2.700	1	0.781
0	205.443	16.834	2.700	0	0.094
0	193.900	17.845	2.700	1	0.781
0	193.912	17.756	2.700	0	0.083
0	205.342	16.757	2.700	1	0.781
0	205.276	16.667	2.700	0	0.100
0	194.025	17.655	2.700	1	0.780
0	194.061	17.560	2.700	0	0.094
0	205.163	16.590	2.700	1	0.780
0	205.116	16.501	2.700	0	0.092
0	194.174	17.459	2.700	1	0.781
0	194.197	17.369	2.700	0	0.086
0	204.985	16.423	2.700	1	0.781
0	204.949	16.334	2.700	0	0.089
0	194.317	17.268	2.700	1	0.782
0	194.364	17.173	2.700	0	0.099
0	204.806	16.257	2.700	1	0.781
0	204.741	16.174	2.700	0	0.098
0	194.489	17.072	2.700	1	0.781
0	194.525	16.977	2.700	0	0.094
0	204.604	16.096	2.700	1	0.781
0	204.550	16.007	2.700	0	0.099
0	194.668	16.876	2.700	1	0.781
0	194.703	16.780	2.700	0	0.094
0	204.372	15.936	2.700	1	0.781
0	204.324	15.846	2.700	0	0.094
0	194.864	16.673	2.700	1	0.780
0	194.906	16.584	2.700	0	0.091
0	204.140	15.775	2.700	1	0.780
0	204.080	15.686	2.700	0	0.099
0	195.066	16.477	2.700	1	0.781
0	195.132	16.382	2.700	0	0.107
0	203.902	15.614	2.700	1	0.780
0	203.825	15.531	2.700	0	0.105
0	195.292	16.275	2.700	1	0.781
0	195.364	16.179	2.700	0	0.110
0	203.640	15.454	2.700	1	0.781
0	203.551	15.370	2.700	0	0.116
0	195.548	16.072	2.700	1	0.780
0	195.625	15.977	2.700	0	0.114
0	203.331	15.299	2.700	1	0.780
0	203.230	15.222	2.700	0	0.118
0	195.822	15.870	2.700	1	0.780
0	195.917	15.769	2.700	0	0.129
0	202.992	15.150	2.700	1	0.781
0	202.896	15.067	2.700	0	0.115
0	196.137	15.662	2.700	1	0.781
0	196.244	15.561	2.700	0	0.136
0	202.629	15.001	2.700	1	0.781
0	202.504	14.924	2.700	0	0.133
0	196.518	15.448	2.700	1	0.780
0	196.625	15.346	2.700	0	0.133
0	202.206	14.859	2.700	1	0.781
0	202.052	14.781	2.700	0	0.157
0	196.940	15.227	2.700	1	0.780
0	197.095	15.120	2.700	0	0.170
0	201.695	14.722	2.700	1	0.782
0	201.504	14.644	2.700	0	0.186
0	197.470	15.001	2.700	1	0.781
0	197.720	14.888	2.700	0	0.243
0	201.034	14.597	2.700	1	0.783
0	200.677	14.537	2.700	0	0.314
0	198.267	14.751	2.700	1	0.781
0	199.017	14.591	2.700	0	0.614
0	199.713	14.531	2.700	1	0.787
