Mode	X(m)	Y(m)	Z(m)	Power(W)	tParam
1	0.053699	-0.041483	0.000000	0	0.0
0	0.053598	-0.041430	0.000000	350	0.916
0	0.052985	-0.041168	0.000000	0	0.476
0	0.054663	-0.042138	0.000000	350	0.799
0	0.055008	-0.042429	0.000000	0	0.124
0	0.052878	-0.041204	0.000000	350	0.799
0	0.052765	-0.041233	0.000000	0	0.028
0	0.055252	-0.042661	0.000000	350	0.802
0	0.055472	-0.042888	0.000000	0	0.066
0	0.052646	-0.041257	0.000000	350	0.801
0	0.052538	-0.041287	0.000000	0	0.021
0	0.055650	-0.043084	0.000000	350	0.799
0	0.055799	-0.043268	0.000000	0	0.042
0	0.052425	-0.041317	0.000000	350	0.799
0	0.052312	-0.041347	0.000000	0	0.019
0	0.055948	-0.043441	0.000000	350	0.799
0	0.056067	-0.043608	0.000000	0	0.032
0	0.052199	-0.041376	0.000000	350	0.801
0	0.052092	-0.041406	0.000000	0	0.017
0	0.056180	-0.043768	0.000000	350	0.8
0	0.056281	-0.043923	0.000000	0	0.026
0	0.051973	-0.041430	0.000000	350	0.8
0	0.051872	-0.041471	0.000000	0	0.015
0	0.056370	-0.044066	0.000000	350	0.799
0	0.056454	-0.044209	0.000000	0	0.022
0	0.051759	-0.041501	0.000000	350	0.8
0	0.051646	-0.041531	0.000000	0	0.015
0	0.056555	-0.044363	0.000000	350	0.801
0	0.056608	-0.044488	0.000000	0	0.017
0	0.051539	-0.041561	0.000000	350	0.799
0	0.051414	-0.041585	0.000000	0	0.015
0	0.056692	-0.044631	0.000000	350	0.799
0	0.056745	-0.044756	0.000000	0	0.015
0	0.051313	-0.041620	0.000000	350	0.799
0	0.051200	-0.041650	0.000000	0	0.013
0	0.056793	-0.044881	0.000000	350	0.8
0	0.056876	-0.045018	0.000000	0	0.017
0	0.051087	-0.041680	0.000000	350	0.8
0	0.050962	-0.041704	0.000000	0	0.013
0	0.056906	-0.045131	0.000000	350	0.8
0	0.056971	-0.045262	0.000000	0	0.015
0	0.050855	-0.041733	0.000000	350	0.8
0	0.050754	-0.041769	0.000000	0	0.011
0	0.057025	-0.045387	0.000000	350	0.8
0	0.057049	-0.045500	0.000000	0	0.011
0	0.050640	-0.041799	0.000000	350	0.8
0	0.050533	-0.041828	0.000000	0	0.011
0	0.057090	-0.045619	0.000000	350	0.799
0	0.057132	-0.045738	0.000000	0	0.012
0	0.050414	-0.041858	0.000000	350	0.8
0	0.050301	-0.041888	0.000000	0	0.011
0	0.057179	-0.045857	0.000000	350	0.8
0	0.057197	-0.045964	0.000000	0	0.01
0	0.050188	-0.041918	0.000000	350	0.799
0	0.050075	-0.041947	0.000000	0	0.01
0	0.057233	-0.046077	0.000000	350	0.8
0	0.057257	-0.046184	0.000000	0	0.01
0	0.049962	-0.041977	0.000000	350	0.8
0	0.049855	-0.042007	0.000000	0	0.01
0	0.057298	-0.046303	0.000000	350	0.799
0	0.057310	-0.046404	0.000000	0	0.009
0	0.049748	-0.042043	0.000000	350	0.799
0	0.049623	-0.042061	0.000000	0	0.01
0	0.057328	-0.046511	0.000000	350	0.8
0	0.057352	-0.046618	0.000000	0	0.009
0	0.049522	-0.042102	0.000000	350	0.8
0	0.049397	-0.042120	0.000000	0	0.01
0	0.057382	-0.046731	0.000000	350	0.8
0	0.057388	-0.046832	0.000000	0	0.008
0	0.049284	-0.042150	0.000000	350	0.8
0	0.049189	-0.042191	0.000000	0	0.008
0	0.057394	-0.046928	0.000000	350	0.799
0	0.057417	-0.047035	0.000000	0	0.008
0	0.049076	-0.042221	0.000000	350	0.799
0	0.048951	-0.042239	0.000000	0	0.01
0	0.057429	-0.047136	0.000000	350	0.799
0	0.057447	-0.047243	0.000000	0	0.008
0	0.048838	-0.042275	0.000000	350	0.8
0	0.048742	-0.042310	0.000000	0	0.007
0	0.057447	-0.047332	0.000000	350	0.799
0	0.057471	-0.047445	0.000000	0	0.008
0	0.048623	-0.042334	0.000000	350	0.8
0	0.048510	-0.042364	0.000000	0	0.008
0	0.057459	-0.047529	0.000000	350	0.799
0	0.057483	-0.047642	0.000000	0	0.008
0	0.048391	-0.042394	0.000000	350	0.8
0	0.048296	-0.042429	0.000000	0	0.007
0	0.057471	-0.047725	0.000000	350	0.8
0	0.057477	-0.047826	0.000000	0	0.007
0	0.048177	-0.042453	0.000000	350	0.8
0	0.048064	-0.042483	0.000000	0	0.008
0	0.057477	-0.047921	0.000000	350	0.799
0	0.057483	-0.048022	0.000000	0	0.007
0	0.047945	-0.042513	0.000000	350	0.8
0	0.047844	-0.042548	0.000000	0	0.007
0	0.057489	-0.048118	0.000000	350	0.8
0	0.057477	-0.048201	0.000000	0	0.006
0	0.047725	-0.042578	0.000000	350	0.8
0	0.047618	-0.042608	0.000000	0	0.007
0	0.057465	-0.048290	0.000000	350	0.799
0	0.057483	-0.048397	0.000000	0	0.007
0	0.047511	-0.042638	0.000000	350	0.8
0	0.047386	-0.042661	0.000000	0	0.008
0	0.057459	-0.048475	0.000000	350	0.799
0	0.057471	-0.048582	0.000000	0	0.007
0	0.047273	-0.042691	0.000000	350	0.8
0	0.047178	-0.042727	0.000000	0	0.006
0	0.057459	-0.048665	0.000000	350	0.8
0	0.057441	-0.048748	0.000000	0	0.005
0	0.047059	-0.042757	0.000000	350	0.799
0	0.046946	-0.042786	0.000000	0	0.007
0	0.057429	-0.048838	0.000000	350	0.799
0	0.057429	-0.048933	0.000000	0	0.006
0	0.046832	-0.042816	0.000000	350	0.8
0	0.046719	-0.042846	0.000000	0	0.007
0	0.057417	-0.049022	0.000000	350	0.8
0	0.057400	-0.049105	0.000000	0	0.005
0	0.046618	-0.042882	0.000000	350	0.799
0	0.046493	-0.042900	0.000000	0	0.008
0	0.057382	-0.049189	0.000000	350	0.8
0	0.057376	-0.049278	0.000000	0	0.005
0	0.046386	-0.042935	0.000000	350	0.799
0	0.046273	-0.042965	0.000000	0	0.007
0	0.057352	-0.049361	0.000000	350	0.8
0	0.057346	-0.049450	0.000000	0	0.005
0	0.046160	-0.042995	0.000000	350	0.8
0	0.046053	-0.043024	0.000000	0	0.006
0	0.057322	-0.049534	0.000000	350	0.8
0	0.057310	-0.049617	0.000000	0	0.005
0	0.045940	-0.043054	0.000000	350	0.799
0	0.045827	-0.043084	0.000000	0	0.007
0	0.057287	-0.049700	0.000000	350	0.8
0	0.057263	-0.049784	0.000000	0	0.005
0	0.045714	-0.043114	0.000000	350	0.8
0	0.045601	-0.043143	0.000000	0	0.007
0	0.057233	-0.049861	0.000000	350	0.8
0	0.057227	-0.049950	0.000000	0	0.005
0	0.045494	-0.043173	0.000000	350	0.799
0	0.045381	-0.043203	0.000000	0	0.006
0	0.057197	-0.050028	0.000000	350	0.799
0	0.057174	-0.050111	0.000000	0	0.005
0	0.045268	-0.043233	0.000000	350	0.799
0	0.045155	-0.043262	0.000000	0	0.006
0	0.057150	-0.050188	0.000000	350	0.799
0	0.057126	-0.050272	0.000000	0	0.005
0	0.045041	-0.043292	0.000000	350	0.8
0	0.044934	-0.043322	0.000000	0	0.006
0	0.057096	-0.050349	0.000000	350	0.799
0	0.057072	-0.050426	0.000000	0	0.004
0	0.044827	-0.043358	0.000000	350	0.8
0	0.044714	-0.043387	0.000000	0	0.006
0	0.057037	-0.050504	0.000000	350	0.799
0	0.057025	-0.050587	0.000000	0	0.004
0	0.044595	-0.043417	0.000000	350	0.799
0	0.044482	-0.043447	0.000000	0	0.006
0	0.056983	-0.050658	0.000000	350	0.8
0	0.056965	-0.050742	0.000000	0	0.004
0	0.044381	-0.043477	0.000000	350	0.799
0	0.044256	-0.043500	0.000000	0	0.007
0	0.056930	-0.050819	0.000000	350	0.8
0	0.056894	-0.050896	0.000000	0	0.004
0	0.044155	-0.043536	0.000000	350	0.8
0	0.044030	-0.043560	0.000000	0	0.007
0	0.056858	-0.050968	0.000000	350	0.8
0	0.056840	-0.051051	0.000000	0	0.004
0	0.043923	-0.043596	0.000000	350	0.8
0	0.043857	-0.043649	0.000000	0	0.004
0	0.056781	-0.051111	0.000000	350	0.799
0	0.056775	-0.051206	0.000000	0	0.005
0	0.043810	-0.043715	0.000000	350	0.8
0	0.043762	-0.043786	0.000000	0	0.004
0	0.056727	-0.051271	0.000000	350	0.799
0	0.056692	-0.051343	0.000000	0	0.004
0	0.043727	-0.043857	0.000000	350	0.799
0	0.043667	-0.043917	0.000000	0	0.004
0	0.056650	-0.051414	0.000000	350	0.8
0	0.056620	-0.051491	0.000000	0	0.004
0	0.043625	-0.043988	0.000000	350	0.799
0	0.043584	-0.044060	0.000000	0	0.004
0	0.056567	-0.051557	0.000000	350	0.8
0	0.056543	-0.051634	0.000000	0	0.004
0	0.043542	-0.044131	0.000000	350	0.799
0	0.043500	-0.044203	0.000000	0	0.004
0	0.056495	-0.051706	0.000000	350	0.799
0	0.056460	-0.051777	0.000000	0	0.004
0	0.043477	-0.044280	0.000000	350	0.8
0	0.043405	-0.044333	0.000000	0	0.004
0	0.056406	-0.051842	0.000000	350	0.8
0	0.056376	-0.051920	0.000000	0	0.004
0	0.043381	-0.044417	0.000000	350	0.799
0	0.043340	-0.044488	0.000000	0	0.004
0	0.056323	-0.051979	0.000000	350	0.799
0	0.056293	-0.052057	0.000000	0	0.004
0	0.043310	-0.044566	0.000000	350	0.799
0	0.043262	-0.044625	0.000000	0	0.004
0	0.056239	-0.052122	0.000000	350	0.799
0	0.056192	-0.052187	0.000000	0	0.004
0	0.043245	-0.044714	0.000000	350	0.799
0	0.043179	-0.044774	0.000000	0	0.004
0	0.056150	-0.052259	0.000000	350	0.8
0	0.056103	-0.052324	0.000000	0	0.004
0	0.043173	-0.044863	0.000000	350	0.799
0	0.043114	-0.044922	0.000000	0	0.004
0	0.056049	-0.052390	0.000000	350	0.8
0	0.056013	-0.052461	0.000000	0	0.004
0	0.043102	-0.045006	0.000000	350	0.799
0	0.043054	-0.045077	0.000000	0	0.004
0	0.055948	-0.052521	0.000000	350	0.799
0	0.055912	-0.052592	0.000000	0	0.004
0	0.043030	-0.045155	0.000000	350	0.8
0	0.042983	-0.045226	0.000000	0	0.004
0	0.055841	-0.052646	0.000000	350	0.799
0	0.055817	-0.052729	0.000000	0	0.004
0	0.042965	-0.045309	0.000000	350	0.8
0	0.042941	-0.045387	0.000000	0	0.004
0	0.055752	-0.052782	0.000000	350	0.8
0	0.055698	-0.052848	0.000000	0	0.004
0	0.042917	-0.045470	0.000000	350	0.8
0	0.042876	-0.045541	0.000000	0	0.004
0	0.055633	-0.052907	0.000000	350	0.799
0	0.055597	-0.052979	0.000000	0	0.004
0	0.042858	-0.045625	0.000000	350	0.799
0	0.042828	-0.045702	0.000000	0	0.004
0	0.055525	-0.053032	0.000000	350	0.8
0	0.055478	-0.053104	0.000000	0	0.004
0	0.042810	-0.045785	0.000000	350	0.799
0	0.042775	-0.045863	0.000000	0	0.004
0	0.055406	-0.053157	0.000000	350	0.799
0	0.055365	-0.053223	0.000000	0	0.004
0	0.042763	-0.045946	0.000000	350	0.8
0	0.042733	-0.046029	0.000000	0	0.005
0	0.055281	-0.053270	0.000000	350	0.799
0	0.055252	-0.053348	0.000000	0	0.004
0	0.042721	-0.046112	0.000000	350	0.799
0	0.042691	-0.046190	0.000000	0	0.004
0	0.055157	-0.053389	0.000000	350	0.8
0	0.055127	-0.053467	0.000000	0	0.004
0	0.042679	-0.046279	0.000000	350	0.8
0	0.042656	-0.046356	0.000000	0	0.004
0	0.055043	-0.053514	0.000000	350	0.799
0	0.054990	-0.053574	0.000000	0	0.004
0	0.042650	-0.046452	0.000000	350	0.799
0	0.042608	-0.046523	0.000000	0	0.004
0	0.054907	-0.053621	0.000000	350	0.8
0	0.054871	-0.053693	0.000000	0	0.004
0	0.042614	-0.046618	0.000000	350	0.8
0	0.042578	-0.046696	0.000000	0	0.005
0	0.054788	-0.053740	0.000000	350	0.8
0	0.054728	-0.053800	0.000000	0	0.004
0	0.042596	-0.046797	0.000000	350	0.799
0	0.042542	-0.046862	0.000000	0	0.005
0	0.054651	-0.053853	0.000000	350	0.8
0	0.054585	-0.053907	0.000000	0	0.005
0	0.042560	-0.046963	0.000000	350	0.799
0	0.042525	-0.047041	0.000000	0	0.005
0	0.054502	-0.053955	0.000000	350	0.799
0	0.054454	-0.054020	0.000000	0	0.004
0	0.042542	-0.047148	0.000000	350	0.8
0	0.042501	-0.047213	0.000000	0	0.004
0	0.054359	-0.054062	0.000000	350	0.8
0	0.054312	-0.054127	0.000000	0	0.004
0	0.042525	-0.047326	0.000000	350	0.799
0	0.042483	-0.047392	0.000000	0	0.004
0	0.054222	-0.054169	0.000000	350	0.8
0	0.054151	-0.054228	0.000000	0	0.005
0	0.042501	-0.047499	0.000000	350	0.8
0	0.042483	-0.047582	0.000000	0	0.005
0	0.054062	-0.054270	0.000000	350	0.799
0	0.054008	-0.054329	0.000000	0	0.004
0	0.042495	-0.047683	0.000000	350	0.8
0	0.042471	-0.047767	0.000000	0	0.005
0	0.053907	-0.054365	0.000000	350	0.799
0	0.053847	-0.054425	0.000000	0	0.005
0	0.042489	-0.047868	0.000000	350	0.8
0	0.042465	-0.047951	0.000000	0	0.005
0	0.053752	-0.054466	0.000000	350	0.8
0	0.053669	-0.054514	0.000000	0	0.005
0	0.042489	-0.048058	0.000000	350	0.799
0	0.042471	-0.048141	0.000000	0	0.005
0	0.053580	-0.054556	0.000000	350	0.799
0	0.053514	-0.054615	0.000000	0	0.005
0	0.042489	-0.048249	0.000000	350	0.799
0	0.042477	-0.048332	0.000000	0	0.005
0	0.053419	-0.054651	0.000000	350	0.8
0	0.053354	-0.054710	0.000000	0	0.005
0	0.042501	-0.048445	0.000000	350	0.799
0	0.042483	-0.048528	0.000000	0	0.005
0	0.053241	-0.054740	0.000000	350	0.8
0	0.053157	-0.054788	0.000000	0	0.006
0	0.042519	-0.048641	0.000000	350	0.799
0	0.042507	-0.048730	0.000000	0	0.005
0	0.053050	-0.054817	0.000000	350	0.8
0	0.052979	-0.054871	0.000000	0	0.005
0	0.042542	-0.048844	0.000000	350	0.799
0	0.042519	-0.048927	0.000000	0	0.005
0	0.052872	-0.054907	0.000000	350	0.8
0	0.052800	-0.054954	0.000000	0	0.005
0	0.042554	-0.049040	0.000000	350	0.799
0	0.042560	-0.049141	0.000000	0	0.006
0	0.052675	-0.054978	0.000000	350	0.8
0	0.052592	-0.055026	0.000000	0	0.006
0	0.042584	-0.049248	0.000000	350	0.8
0	0.042578	-0.049337	0.000000	0	0.006
0	0.052479	-0.055055	0.000000	350	0.8
0	0.052419	-0.055115	0.000000	0	0.005
0	0.042626	-0.049462	0.000000	350	0.799
0	0.042626	-0.049558	0.000000	0	0.006
0	0.052271	-0.055121	0.000000	350	0.8
0	0.052181	-0.055168	0.000000	0	0.007
0	0.042679	-0.049682	0.000000	350	0.799
0	0.042661	-0.049766	0.000000	0	0.006
0	0.052045	-0.055186	0.000000	350	0.8
0	0.051979	-0.055240	0.000000	0	0.006
0	0.042733	-0.049903	0.000000	350	0.8
0	0.042751	-0.050004	0.000000	0	0.007
0	0.051825	-0.055246	0.000000	350	0.8
0	0.051759	-0.055299	0.000000	0	0.006
0	0.042804	-0.050129	0.000000	350	0.8
0	0.042810	-0.050230	0.000000	0	0.007
0	0.051587	-0.055293	0.000000	350	0.799
0	0.051509	-0.055347	0.000000	0	0.007
0	0.042870	-0.050361	0.000000	350	0.8
0	0.042876	-0.050456	0.000000	0	0.007
0	0.051360	-0.055353	0.000000	350	0.8
0	0.051259	-0.055395	0.000000	0	0.008
0	0.042953	-0.050593	0.000000	350	0.8
0	0.042965	-0.050694	0.000000	0	0.008
0	0.051099	-0.055395	0.000000	350	0.8
0	0.051009	-0.055436	0.000000	0	0.008
0	0.043048	-0.050837	0.000000	350	0.799
0	0.043066	-0.050944	0.000000	0	0.009
0	0.050843	-0.055430	0.000000	350	0.8
0	0.050736	-0.055466	0.000000	0	0.009
0	0.043155	-0.051093	0.000000	350	0.799
0	0.043167	-0.051194	0.000000	0	0.008
0	0.050545	-0.055454	0.000000	350	0.8
0	0.050456	-0.055496	0.000000	0	0.008
0	0.043286	-0.051354	0.000000	350	0.8
0	0.043310	-0.051462	0.000000	0	0.01
0	0.050266	-0.055478	0.000000	350	0.799
0	0.050158	-0.055508	0.000000	0	0.01
0	0.043441	-0.051634	0.000000	350	0.799
0	0.043465	-0.051741	0.000000	0	0.01
0	0.049938	-0.055478	0.000000	350	0.799
0	0.049819	-0.055502	0.000000	0	0.012
0	0.043596	-0.051914	0.000000	350	0.8
0	0.043643	-0.052033	0.000000	0	0.013
0	0.049581	-0.055466	0.000000	350	0.8
0	0.049456	-0.055484	0.000000	0	0.013
0	0.043798	-0.052217	0.000000	350	0.799
0	0.043852	-0.052342	0.000000	0	0.015
0	0.049195	-0.055430	0.000000	350	0.799
0	0.049064	-0.055448	0.000000	0	0.015
0	0.044042	-0.052550	0.000000	350	0.8
0	0.044107	-0.052681	0.000000	0	0.017
0	0.048784	-0.055383	0.000000	350	0.8
0	0.048623	-0.055383	0.000000	0	0.02
0	0.044339	-0.052907	0.000000	350	0.801
0	0.044423	-0.053050	0.000000	0	0.023
0	0.048284	-0.055281	0.000000	350	0.8
0	0.048088	-0.055264	0.000000	0	0.029
0	0.044714	-0.053312	0.000000	350	0.799
0	0.044869	-0.053496	0.000000	0	0.04
0	0.047665	-0.055109	0.000000	350	0.802
0	0.047350	-0.055026	0.000000	0	0.063
0	0.045291	-0.053836	0.000000	350	0.799
0	0.045845	-0.054252	0.000000	0	0.163
0	0.046559	-0.054663	0.000000	350	0.804
