Mode	X(mm)	Y(mm)	Z(mm)	Pmod	tParam
1	0.000000	0.000000	0	0.00	9.4692e+01
1	0.046077	-0.043013	0	0.00	0.0000e+00
0	0.046118	-0.043060	0	350.00	8.4332e-01
1	0.046053	-0.043114	0	0.00	1.1500e-03
0	0.045993	-0.043042	0	350.00	7.4354e-01
1	0.045904	-0.043060	0	0.00	1.1500e-03
0	0.045982	-0.043155	0	350.00	8.1775e-01
1	0.045940	-0.043233	0	0.00	1.1500e-03
0	0.045821	-0.043090	0	350.00	8.2615e-01
1	0.045726	-0.043108	0	0.00	1.1500e-03
0	0.045869	-0.043274	0	350.00	7.9791e-01
1	0.045803	-0.043322	0	0.00	1.1500e-03
0	0.045654	-0.043143	0	350.00	7.7452e-01
1	0.045547	-0.043149	0	0.00	1.1500e-03
0	0.045732	-0.043364	0	350.00	8.0763e-01
1	0.045690	-0.043441	0	0.00	1.1500e-03
0	0.045470	-0.043179	0	350.00	8.0485e-01
1	0.045387	-0.043209	0	0.00	1.1500e-03
0	0.045619	-0.043483	0	350.00	7.9740e-01
1	0.045553	-0.043536	0	0.00	1.1500e-03
0	0.045297	-0.043233	0	350.00	7.9383e-01
1	0.045208	-0.043245	0	0.00	1.1500e-03
0	0.045494	-0.043590	0	350.00	8.1446e-01
1	0.045428	-0.043637	0	0.00	1.1500e-03
0	0.045119	-0.043268	0	350.00	8.0245e-01
1	0.045036	-0.043298	0	0.00	1.1500e-03
0	0.045357	-0.043679	0	350.00	7.9718e-01
1	0.045315	-0.043756	0	0.00	1.1500e-03
0	0.044958	-0.043328	0	350.00	7.9665e-01
1	0.044857	-0.043334	0	0.00	1.1500e-03
0	0.045244	-0.043798	0	350.00	8.0550e-01
1	0.045178	-0.043852	0	0.00	1.1500e-03
0	0.044780	-0.043370	0	350.00	8.0704e-01
1	0.044685	-0.043387	0	0.00	1.1500e-03
0	0.045107	-0.043887	0	350.00	7.9323e-01
1	0.045065	-0.043965	0	0.00	1.1500e-03
0	0.044601	-0.043417	0	350.00	7.9740e-01
1	0.044512	-0.043435	0	0.00	1.1500e-03
0	0.044994	-0.044006	0	350.00	8.0796e-01
1	0.044928	-0.044060	0	0.00	1.1500e-03
0	0.044429	-0.043465	0	350.00	7.9699e-01
1	0.044339	-0.043483	0	0.00	1.1500e-03
0	0.044869	-0.044113	0	350.00	8.0345e-01
1	0.044804	-0.044161	0	0.00	1.1500e-03
0	0.044256	-0.043512	0	350.00	7.8947e-01
1	0.044161	-0.043524	0	0.00	1.1500e-03
0	0.044732	-0.044203	0	350.00	8.0615e-01
1	0.044690	-0.044280	0	0.00	1.1500e-03
0	0.044084	-0.043554	0	350.00	8.0526e-01
1	0.043988	-0.043572	0	0.00	1.1500e-03
0	0.044619	-0.044322	0	350.00	7.9976e-01
1	0.044554	-0.044375	0	0.00	1.1500e-03
0	0.043911	-0.043608	0	350.00	8.0083e-01
1	0.043846	-0.043655	0	0.00	1.1500e-03
0	0.044488	-0.044417	0	350.00	7.9718e-01
1	0.044435	-0.044482	0	0.00	1.1500e-03
0	0.043816	-0.043750	0	350.00	7.9866e-01
1	0.043744	-0.043786	0	0.00	1.1500e-03
0	0.044363	-0.044524	0	350.00	8.0245e-01
1	0.044310	-0.044589	0	0.00	1.1500e-03
0	0.043715	-0.043881	0	350.00	8.0422e-01
1	0.043655	-0.043935	0	0.00	1.1500e-03
0	0.044238	-0.044631	0	350.00	8.0719e-01
1	0.044185	-0.044696	0	0.00	1.1500e-03
0	0.043619	-0.044018	0	350.00	8.0268e-01
1	0.043566	-0.044090	0	0.00	1.1500e-03
0	0.044119	-0.044738	0	350.00	7.9305e-01
1	0.044054	-0.044792	0	0.00	1.1500e-03
0	0.043542	-0.044179	0	350.00	7.9839e-01
1	0.043471	-0.044226	0	0.00	1.1500e-03
0	0.043988	-0.044839	0	350.00	8.0221e-01
1	0.043935	-0.044905	0	0.00	1.1500e-03
0	0.043441	-0.044322	0	350.00	8.0435e-01
1	0.043393	-0.044387	0	0.00	1.1500e-03
0	0.043857	-0.044940	0	350.00	8.0245e-01
1	0.043816	-0.045012	0	0.00	1.1500e-03
0	0.043364	-0.044476	0	350.00	8.0102e-01
1	0.043310	-0.044536	0	0.00	1.1500e-03
0	0.043744	-0.045053	0	350.00	7.9499e-01
1	0.043679	-0.045107	0	0.00	1.1500e-03
0	0.043280	-0.044637	0	350.00	7.9527e-01
1	0.043227	-0.044696	0	0.00	1.1500e-03
0	0.043613	-0.045155	0	350.00	7.9942e-01
1	0.043560	-0.045220	0	0.00	1.1500e-03
0	0.043197	-0.044792	0	350.00	8.0211e-01
1	0.043155	-0.044863	0	0.00	1.1500e-03
0	0.043495	-0.045262	0	350.00	8.0523e-01
1	0.043429	-0.045315	0	0.00	1.1500e-03
0	0.043132	-0.044958	0	350.00	8.0819e-01
1	0.043078	-0.045024	0	0.00	1.1500e-03
0	0.043364	-0.045363	0	350.00	8.0615e-01
1	0.043310	-0.045428	0	0.00	1.1500e-03
0	0.043054	-0.045119	0	350.00	8.0296e-01
1	0.043013	-0.045202	0	0.00	1.1500e-03
0	0.043245	-0.045476	0	350.00	7.9740e-01
1	0.043179	-0.045529	0	0.00	1.1500e-03
0	0.042989	-0.045297	0	350.00	8.0044e-01
1	0.042941	-0.045369	0	0.00	1.1500e-03
0	0.043114	-0.045571	0	350.00	8.1813e-01
1	0.043060	-0.045636	0	0.00	1.1500e-03
0	0.042917	-0.045470	0	350.00	7.9791e-01
1	0.042882	-0.045553	0	0.00	1.1500e-03
0	0.042989	-0.045678	0	350.00	8.2284e-01
1	0.042935	-0.045744	0	0.00	1.1500e-03
0	0.042858	-0.045648	0	350.00	8.1775e-01
1	0.042822	-0.045732	0	0.00	1.1500e-03
0	0.042834	-0.045750	0	350.00	8.5812e-01
1	0.044351	-0.052949	0	0.00	4.3250e-03
0	0.044256	-0.052836	0	350.00	8.4454e-01
1	0.043572	-0.051890	0	0.00	1.4000e-03
0	0.045036	-0.053633	0	350.00	7.9871e-01
1	0.045375	-0.053913	0	0.00	1.2250e-03
0	0.043316	-0.051462	0	350.00	8.0030e-01
1	0.043185	-0.051176	0	0.00	1.1500e-03
0	0.045678	-0.054145	0	350.00	7.9937e-01
1	0.045910	-0.054300	0	0.00	1.1500e-03
0	0.043042	-0.050878	0	350.00	8.0077e-01
1	0.042965	-0.050658	0	0.00	1.1500e-03
0	0.046148	-0.054454	0	350.00	7.9905e-01
1	0.046333	-0.054550	0	0.00	1.1500e-03
0	0.042864	-0.050414	0	350.00	7.9963e-01
1	0.042816	-0.050224	0	0.00	1.1500e-03
0	0.046547	-0.054675	0	350.00	7.9826e-01
1	0.046713	-0.054740	0	0.00	1.1500e-03
0	0.042751	-0.050022	0	350.00	8.0021e-01
1	0.042697	-0.049831	0	0.00	1.1500e-03
0	0.046904	-0.054841	0	350.00	8.0022e-01
1	0.047065	-0.054907	0	0.00	1.1500e-03
0	0.042644	-0.049641	0	350.00	7.9947e-01
1	0.042632	-0.049492	0	0.00	1.1500e-03
0	0.047237	-0.054984	0	350.00	7.9858e-01
1	0.047380	-0.055026	0	0.00	1.1500e-03
0	0.042584	-0.049314	0	350.00	7.9981e-01
1	0.042566	-0.049165	0	0.00	1.1500e-03
0	0.047535	-0.055091	0	350.00	7.9930e-01
1	0.047689	-0.055145	0	0.00	1.1500e-03
0	0.042537	-0.049004	0	350.00	7.9959e-01
1	0.042525	-0.048855	0	0.00	1.1500e-03
0	0.047844	-0.055198	0	350.00	7.9980e-01
1	0.047969	-0.055216	0	0.00	1.1500e-03
0	0.042507	-0.048713	0	350.00	7.9932e-01
1	0.042489	-0.048564	0	0.00	1.1500e-03
0	0.048112	-0.055270	0	350.00	7.9918e-01
1	0.048237	-0.055287	0	0.00	1.1500e-03
0	0.042483	-0.048427	0	350.00	7.9944e-01
1	0.042477	-0.048290	0	0.00	1.1500e-03
0	0.048373	-0.055323	0	350.00	7.9980e-01
1	0.048504	-0.055353	0	0.00	1.1500e-03
0	0.042471	-0.048159	0	350.00	7.9904e-01
1	0.042477	-0.048040	0	0.00	1.1500e-03
0	0.048629	-0.055371	0	350.00	7.9917e-01
1	0.048766	-0.055406	0	0.00	1.1500e-03
0	0.042471	-0.047903	0	350.00	7.9951e-01
1	0.042471	-0.047779	0	0.00	1.1500e-03
0	0.048885	-0.055424	0	350.00	7.9999e-01
1	0.048998	-0.055430	0	0.00	1.1500e-03
0	0.042471	-0.047654	0	350.00	7.9944e-01
1	0.042489	-0.047546	0	0.00	1.1500e-03
0	0.049117	-0.055442	0	350.00	7.9915e-01
1	0.049242	-0.055466	0	0.00	1.1500e-03
0	0.042489	-0.047416	0	350.00	7.9907e-01
1	0.042507	-0.047308	0	0.00	1.1500e-03
0	0.049355	-0.055472	0	350.00	7.9967e-01
1	0.049468	-0.055484	0	0.00	1.1500e-03
0	0.042507	-0.047184	0	350.00	7.9949e-01
1	0.042531	-0.047082	0	0.00	1.1500e-03
0	0.049581	-0.055484	0	350.00	7.9912e-01
1	0.049700	-0.055502	0	0.00	1.1500e-03
0	0.042537	-0.046963	0	350.00	8.0039e-01
1	0.042554	-0.046862	0	0.00	1.1500e-03
0	0.049801	-0.055496	0	350.00	7.9943e-01
1	0.049915	-0.055496	0	0.00	1.1500e-03
0	0.042578	-0.046761	0	350.00	7.9908e-01
1	0.042584	-0.046642	0	0.00	1.1500e-03
0	0.050010	-0.055490	0	350.00	7.9936e-01
1	0.050129	-0.055508	0	0.00	1.1500e-03
0	0.042614	-0.046547	0	350.00	7.9964e-01
1	0.042632	-0.046440	0	0.00	1.1500e-03
0	0.050218	-0.055484	0	350.00	7.9895e-01
1	0.050337	-0.055496	0	0.00	1.1500e-03
0	0.042656	-0.046345	0	350.00	7.9918e-01
1	0.042673	-0.046237	0	0.00	1.1500e-03
0	0.050432	-0.055484	0	350.00	7.9936e-01
1	0.050533	-0.055472	0	0.00	1.1500e-03
0	0.042703	-0.046148	0	350.00	7.9970e-01
1	0.042727	-0.046041	0	0.00	1.1500e-03
0	0.050629	-0.055460	0	350.00	7.9963e-01
1	0.050742	-0.055466	0	0.00	1.1500e-03
0	0.042751	-0.045946	0	350.00	7.9930e-01
1	0.042786	-0.045857	0	0.00	1.1500e-03
0	0.050831	-0.055448	0	350.00	7.9989e-01
1	0.050932	-0.055442	0	0.00	1.1500e-03
0	0.042834	-0.045791	0	350.00	7.9989e-01
1	0.042900	-0.045738	0	0.00	1.1500e-03
0	0.051021	-0.055418	0	350.00	7.9977e-01
1	0.051122	-0.055412	0	0.00	1.1500e-03
0	0.042959	-0.045690	0	350.00	7.9969e-01
1	0.043024	-0.045636	0	0.00	1.1500e-03
0	0.051206	-0.055389	0	350.00	7.9933e-01
1	0.051319	-0.055389	0	0.00	1.1500e-03
0	0.043090	-0.045589	0	350.00	7.9977e-01
1	0.043143	-0.045523	0	0.00	1.1500e-03
0	0.051390	-0.055353	0	350.00	7.9942e-01
1	0.051497	-0.055353	0	0.00	1.1500e-03
0	0.043221	-0.045488	0	350.00	7.9982e-01
1	0.043268	-0.045410	0	0.00	1.1500e-03
0	0.051581	-0.055323	0	350.00	7.9978e-01
1	0.051676	-0.055305	0	0.00	1.1500e-03
0	0.043340	-0.045375	0	350.00	7.9911e-01
1	0.043399	-0.045321	0	0.00	1.1500e-03
0	0.051753	-0.055275	0	350.00	7.9970e-01
1	0.051854	-0.055270	0	0.00	1.1500e-03
0	0.043465	-0.045268	0	350.00	7.9967e-01
1	0.043524	-0.045214	0	0.00	1.1500e-03
0	0.051944	-0.055240	0	350.00	7.9951e-01
1	0.052021	-0.055210	0	0.00	1.1500e-03
0	0.043596	-0.045166	0	350.00	7.9936e-01
1	0.043649	-0.045101	0	0.00	1.1500e-03
0	0.052104	-0.055180	0	350.00	7.9975e-01
1	0.052205	-0.055174	0	0.00	1.1500e-03
0	0.043721	-0.045065	0	350.00	7.9987e-01
1	0.043774	-0.045000	0	0.00	1.1500e-03
0	0.052277	-0.055133	0	350.00	7.9925e-01
1	0.052366	-0.055115	0	0.00	1.1500e-03
0	0.043852	-0.044964	0	350.00	7.9933e-01
1	0.043893	-0.044887	0	0.00	1.1500e-03
0	0.052449	-0.055085	0	350.00	7.9953e-01
1	0.052527	-0.055049	0	0.00	1.1500e-03
0	0.043971	-0.044851	0	350.00	7.9953e-01
1	0.044024	-0.044786	0	0.00	1.1500e-03
0	0.052610	-0.055020	0	350.00	7.9991e-01
1	0.052693	-0.054990	0	0.00	1.1500e-03
0	0.044095	-0.044750	0	350.00	7.9945e-01
1	0.044149	-0.044685	0	0.00	1.1500e-03
0	0.052771	-0.054954	0	350.00	7.9934e-01
1	0.052854	-0.054930	0	0.00	1.1500e-03
0	0.044220	-0.044643	0	350.00	7.9942e-01
1	0.044274	-0.044577	0	0.00	1.1500e-03
0	0.052919	-0.054883	0	350.00	7.9950e-01
1	0.053009	-0.054859	0	0.00	1.1500e-03
0	0.044339	-0.044530	0	350.00	7.9911e-01
1	0.044405	-0.044476	0	0.00	1.1500e-03
0	0.053080	-0.054817	0	350.00	7.9988e-01
1	0.053169	-0.054794	0	0.00	1.1500e-03
0	0.044470	-0.044429	0	350.00	7.9950e-01
1	0.044524	-0.044369	0	0.00	1.1500e-03
0	0.053241	-0.054752	0	350.00	7.9980e-01
1	0.053312	-0.054710	0	0.00	1.1500e-03
0	0.044601	-0.044333	0	350.00	7.9931e-01
1	0.044643	-0.044256	0	0.00	1.1500e-03
0	0.053383	-0.054669	0	350.00	7.9969e-01
1	0.053467	-0.054645	0	0.00	1.1500e-03
0	0.044720	-0.044214	0	350.00	7.9955e-01
1	0.044780	-0.044161	0	0.00	1.1500e-03
0	0.053526	-0.054585	0	350.00	7.9928e-01
1	0.053621	-0.054567	0	0.00	1.1500e-03
0	0.044845	-0.044107	0	350.00	7.9966e-01
1	0.044905	-0.044054	0	0.00	1.1500e-03
0	0.053675	-0.054508	0	350.00	7.9917e-01
1	0.053758	-0.054478	0	0.00	1.1500e-03
0	0.044970	-0.044006	0	350.00	7.9947e-01
1	0.045030	-0.043953	0	0.00	1.1500e-03
0	0.053818	-0.054425	0	350.00	7.9947e-01
1	0.053901	-0.054395	0	0.00	1.1500e-03
0	0.045101	-0.043905	0	350.00	7.9955e-01
1	0.045155	-0.043840	0	0.00	1.1500e-03
0	0.053967	-0.054347	0	350.00	7.9963e-01
1	0.054038	-0.054300	0	0.00	1.1500e-03
0	0.045226	-0.043798	0	350.00	7.9936e-01
1	0.045280	-0.043733	0	0.00	1.1500e-03
0	0.054103	-0.054252	0	350.00	7.9944e-01
1	0.054181	-0.054216	0	0.00	1.1500e-03
0	0.045351	-0.043697	0	350.00	7.9966e-01
1	0.045404	-0.043631	0	0.00	1.1500e-03
0	0.054240	-0.054163	0	350.00	7.9925e-01
1	0.054312	-0.054115	0	0.00	1.1500e-03
0	0.045470	-0.043584	0	350.00	7.9947e-01
1	0.045535	-0.043530	0	0.00	1.1500e-03
0	0.054371	-0.054062	0	350.00	7.9925e-01
1	0.054448	-0.054026	0	0.00	1.1500e-03
0	0.045595	-0.043477	0	350.00	7.9955e-01
1	0.045660	-0.043423	0	0.00	1.1500e-03
0	0.054496	-0.053961	0	350.00	7.9952e-01
1	0.054585	-0.053931	0	0.00	1.1500e-03
0	0.045726	-0.043381	0	350.00	7.9977e-01
1	0.045779	-0.043316	0	0.00	1.1500e-03
0	0.054633	-0.053865	0	350.00	7.9955e-01
1	0.054710	-0.053830	0	0.00	1.1500e-03
0	0.045857	-0.043280	0	350.00	7.9955e-01
1	0.045898	-0.043203	0	0.00	1.1500e-03
0	0.054764	-0.053770	0	350.00	7.9963e-01
1	0.054829	-0.053717	0	0.00	1.1500e-03
0	0.045970	-0.043161	0	350.00	8.0004e-01
1	0.046035	-0.043108	0	0.00	1.1500e-03
0	0.054883	-0.053657	0	350.00	7.9933e-01
1	0.054954	-0.053615	0	0.00	1.1500e-03
0	0.046101	-0.043066	0	350.00	7.9955e-01
1	0.046154	-0.043001	0	0.00	1.1500e-03
0	0.055002	-0.053544	0	350.00	7.9906e-01
1	0.055085	-0.053508	0	0.00	1.1500e-03
0	0.046255	-0.042989	0	350.00	7.9966e-01
1	0.046327	-0.042947	0	0.00	1.1500e-03
0	0.055127	-0.053437	0	350.00	7.9955e-01
1	0.055198	-0.053389	0	0.00	1.1500e-03
0	0.046434	-0.042947	0	350.00	7.9958e-01
1	0.046493	-0.042894	0	0.00	1.1500e-03
0	0.055246	-0.053324	0	350.00	7.9977e-01
1	0.055317	-0.053276	0	0.00	1.1500e-03
0	0.046606	-0.042894	0	350.00	7.9958e-01
1	0.046678	-0.042852	0	0.00	1.1500e-03
0	0.055359	-0.053205	0	350.00	7.9946e-01
1	0.055430	-0.053157	0	0.00	1.1500e-03
0	0.046785	-0.042858	0	350.00	7.9922e-01
1	0.046844	-0.042798	0	0.00	1.1500e-03
0	0.055478	-0.053092	0	350.00	7.9969e-01
1	0.055537	-0.053032	0	0.00	1.1500e-03
0	0.046951	-0.042804	0	350.00	7.9964e-01
1	0.047023	-0.042763	0	0.00	1.1500e-03
0	0.055579	-0.052955	0	350.00	7.9925e-01
1	0.055656	-0.052919	0	0.00	1.1500e-03
0	0.047124	-0.042751	0	350.00	7.9964e-01
1	0.047201	-0.042721	0	0.00	1.1500e-03
0	0.055698	-0.052842	0	350.00	7.9967e-01
1	0.055752	-0.052782	0	0.00	1.1500e-03
0	0.047297	-0.042703	0	350.00	7.9975e-01
1	0.047380	-0.042673	0	0.00	1.1500e-03
0	0.055805	-0.052717	0	350.00	7.9936e-01
1	0.055859	-0.052652	0	0.00	1.1500e-03
0	0.047469	-0.042656	0	350.00	7.9939e-01
1	0.047552	-0.042626	0	0.00	1.1500e-03
0	0.055906	-0.052580	0	350.00	7.9970e-01
1	0.055966	-0.052527	0	0.00	1.1500e-03
0	0.047654	-0.042614	0	350.00	7.9978e-01
1	0.047725	-0.042572	0	0.00	1.1500e-03
0	0.056007	-0.052443	0	350.00	7.9910e-01
1	0.056067	-0.052390	0	0.00	1.1500e-03
0	0.047820	-0.042560	0	350.00	7.9942e-01
1	0.047903	-0.042531	0	0.00	1.1500e-03
0	0.056097	-0.052300	0	350.00	7.9941e-01
1	0.056162	-0.052247	0	0.00	1.1500e-03
0	0.047999	-0.042525	0	350.00	7.9969e-01
1	0.048070	-0.042477	0	0.00	1.1500e-03
0	0.056198	-0.052170	0	350.00	7.9932e-01
1	0.056257	-0.052110	0	0.00	1.1500e-03
0	0.048177	-0.042477	0	350.00	7.9956e-01
1	0.048249	-0.042435	0	0.00	1.1500e-03
0	0.056287	-0.052021	0	350.00	7.9935e-01
1	0.056352	-0.051967	0	0.00	1.1500e-03
0	0.048344	-0.042423	0	350.00	7.9993e-01
1	0.048427	-0.042394	0	0.00	1.1500e-03
0	0.056376	-0.051866	0	350.00	7.9909e-01
1	0.056448	-0.051825	0	0.00	1.1500e-03
0	0.048516	-0.042376	0	350.00	7.9976e-01
1	0.048600	-0.042346	0	0.00	1.1500e-03
0	0.056471	-0.051729	0	350.00	7.9921e-01
1	0.056525	-0.051658	0	0.00	1.1500e-03
0	0.048701	-0.042334	0	350.00	7.9945e-01
1	0.048772	-0.042293	0	0.00	1.1500e-03
0	0.056555	-0.051569	0	350.00	7.9924e-01
1	0.056608	-0.051509	0	0.00	1.1500e-03
0	0.048867	-0.042281	0	350.00	7.9902e-01
1	0.048951	-0.042251	0	0.00	1.1500e-03
0	0.056632	-0.051408	0	350.00	7.9948e-01
1	0.056698	-0.051360	0	0.00	1.1500e-03
0	0.049040	-0.042233	0	350.00	7.9961e-01
1	0.049123	-0.042203	0	0.00	1.1500e-03
0	0.056715	-0.051253	0	350.00	7.9952e-01
1	0.056769	-0.051188	0	0.00	1.1500e-03
0	0.049218	-0.042186	0	350.00	7.9929e-01
1	0.049296	-0.042156	0	0.00	1.1500e-03
0	0.056787	-0.051087	0	350.00	7.9977e-01
1	0.056852	-0.051033	0	0.00	1.1500e-03
0	0.049403	-0.042156	0	350.00	7.9923e-01
1	0.049462	-0.042102	0	0.00	1.1500e-03
0	0.056864	-0.050920	0	350.00	7.9949e-01
1	0.056924	-0.050861	0	0.00	1.1500e-03
0	0.049575	-0.042108	0	350.00	7.9917e-01
1	0.049635	-0.042055	0	0.00	1.1500e-03
0	0.056936	-0.050754	0	350.00	7.9975e-01
1	0.056989	-0.050682	0	0.00	1.1500e-03
0	0.049742	-0.042049	0	350.00	7.9943e-01
1	0.049819	-0.042019	0	0.00	1.1500e-03
0	0.057007	-0.050581	0	350.00	7.9993e-01
1	0.057055	-0.050510	0	0.00	1.1500e-03
0	0.049926	-0.042013	0	350.00	7.9932e-01
1	0.049986	-0.041959	0	0.00	1.1500e-03
0	0.057066	-0.050397	0	350.00	7.9960e-01
1	0.057114	-0.050325	0	0.00	1.1500e-03
0	0.050087	-0.041953	0	350.00	7.9926e-01
1	0.050170	-0.041924	0	0.00	1.1500e-03
0	0.057132	-0.050224	0	350.00	7.9949e-01
1	0.057168	-0.050135	0	0.00	1.1500e-03
0	0.050266	-0.041906	0	350.00	8.0001e-01
1	0.050343	-0.041876	0	0.00	1.1500e-03
0	0.057185	-0.050028	0	350.00	8.0020e-01
1	0.057227	-0.049950	0	0.00	1.1500e-03
0	0.050444	-0.041864	0	350.00	7.9957e-01
1	0.050516	-0.041823	0	0.00	1.1500e-03
0	0.057233	-0.049831	0	350.00	7.9946e-01
1	0.057281	-0.049760	0	0.00	1.1500e-03
0	0.050623	-0.041828	0	350.00	7.9965e-01
1	0.050682	-0.041775	0	0.00	1.1500e-03
0	0.057287	-0.049641	0	350.00	7.9929e-01
1	0.057316	-0.049546	0	0.00	1.1500e-03
0	0.050789	-0.041769	0	350.00	7.9944e-01
1	0.050867	-0.041739	0	0.00	1.1500e-03
0	0.057334	-0.049439	0	350.00	7.9963e-01
1	0.057358	-0.049343	0	0.00	1.1500e-03
0	0.050974	-0.041733	0	350.00	7.9947e-01
1	0.051033	-0.041680	0	0.00	1.1500e-03
0	0.057340	-0.049201	0	350.00	7.9962e-01
1	0.057417	-0.049159	0	0.00	1.1500e-03
0	0.051134	-0.041674	0	350.00	7.9940e-01
1	0.051218	-0.041644	0	0.00	1.1500e-03
0	0.057406	-0.049016	0	350.00	8.0041e-01
1	0.057423	-0.048909	0	0.00	1.1500e-03
0	0.051319	-0.041638	0	350.00	7.9948e-01
1	0.051384	-0.041585	0	0.00	1.1500e-03
0	0.057423	-0.048790	0	350.00	8.0014e-01
1	0.057453	-0.048689	0	0.00	1.1500e-03
0	0.051485	-0.041579	0	350.00	8.0024e-01
1	0.051569	-0.041549	0	0.00	1.1500e-03
0	0.057435	-0.048546	0	350.00	7.9923e-01
1	0.057471	-0.048463	0	0.00	1.1500e-03
0	0.051664	-0.041537	0	350.00	7.9985e-01
1	0.051735	-0.041495	0	0.00	1.1500e-03
0	0.057459	-0.048320	0	350.00	8.0065e-01
1	0.057477	-0.048207	0	0.00	1.1500e-03
0	0.051836	-0.041489	0	350.00	7.9924e-01
1	0.051914	-0.041460	0	0.00	1.1500e-03
0	0.057465	-0.048076	0	350.00	7.9970e-01
1	0.057477	-0.047957	0	0.00	1.1500e-03
0	0.052015	-0.041448	0	350.00	7.9975e-01
1	0.052086	-0.041406	0	0.00	1.1500e-03
0	0.057441	-0.047784	0	350.00	7.9887e-01
1	0.057495	-0.047725	0	0.00	1.1500e-03
0	0.052187	-0.041400	0	350.00	7.9968e-01
1	0.052259	-0.041358	0	0.00	1.1500e-03
0	0.057453	-0.047546	0	350.00	7.9992e-01
1	0.057453	-0.047421	0	0.00	1.1500e-03
0	0.052360	-0.041347	0	350.00	7.9874e-01
1	0.052437	-0.041317	0	0.00	1.1500e-03
0	0.057412	-0.047243	0	350.00	7.9970e-01
1	0.057447	-0.047160	0	0.00	1.1500e-03
0	0.052533	-0.041299	0	350.00	7.9882e-01
1	0.052616	-0.041269	0	0.00	1.1500e-03
0	0.057382	-0.046951	0	350.00	7.9961e-01
1	0.057406	-0.046850	0	0.00	1.1500e-03
0	0.052717	-0.041263	0	350.00	7.9931e-01
1	0.052776	-0.041210	0	0.00	1.1500e-03
0	0.057328	-0.046630	0	350.00	7.9979e-01
1	0.057346	-0.046529	0	0.00	1.1500e-03
0	0.052884	-0.041210	0	350.00	8.0038e-01
1	0.052955	-0.041168	0	0.00	1.1500e-03
0	0.057257	-0.046297	0	350.00	7.9930e-01
1	0.057269	-0.046178	0	0.00	1.1500e-03
0	0.053080	-0.041192	0	350.00	7.9903e-01
1	0.053205	-0.041210	0	0.00	1.1500e-03
0	0.057162	-0.045922	0	350.00	7.9912e-01
1	0.057162	-0.045803	0	0.00	1.1500e-03
0	0.053443	-0.041364	0	350.00	7.9870e-01
1	0.053568	-0.041388	0	0.00	1.1500e-03
0	0.057037	-0.045523	0	350.00	7.9963e-01
1	0.057019	-0.045375	0	0.00	1.1500e-03
0	0.053842	-0.041585	0	350.00	8.0093e-01
1	0.054002	-0.041656	0	0.00	1.1500e-03
0	0.056852	-0.045053	0	350.00	7.9902e-01
1	0.056781	-0.044833	0	0.00	1.2000e-03
0	0.054306	-0.041882	0	350.00	7.9830e-01
1	0.054538	-0.042037	0	0.00	1.2000e-03
0	0.056584	-0.044476	0	350.00	8.0111e-01
1	0.056412	-0.044143	0	0.00	1.2250e-03
0	0.054930	-0.042376	0	350.00	8.0210e-01
1	0.055454	-0.042870	0	0.00	1.3250e-03
0	0.055912	-0.043417	0	350.00	7.9314e-01
1	0.000000	0.000000	0	0.00	3.5499e+01
