Mode	X(mm)	Y(mm)	Z(mm)	Pmod	tParam
1	207.127	24.051	2.650	0	0.000
0	207.157	23.962	2.650	1	0.784
0	207.127	24.039	2.650	0	0.075
0	207.038	24.325	2.650	1	0.779
0	206.633	25.271	2.650	0	0.766
0	207.353	23.058	2.650	1	0.782
0	207.412	22.582	2.650	0	0.392
0	206.407	25.682	2.650	1	0.780
0	206.205	26.009	2.650	0	0.327
0	207.442	22.195	2.650	1	0.781
0	207.448	21.891	2.650	0	0.269
0	206.026	26.265	2.650	1	0.782
0	205.865	26.473	2.650	0	0.228
0	207.436	21.630	2.650	1	0.780
0	207.424	21.374	2.650	0	0.222
0	205.699	26.681	2.650	1	0.780
0	205.550	26.854	2.650	0	0.202
0	207.412	21.130	2.650	1	0.781
0	207.383	20.928	2.650	0	0.185
0	205.401	27.026	2.650	1	0.781
0	205.264	27.151	2.650	0	0.168
0	207.353	20.737	2.650	1	0.781
0	207.323	20.529	2.650	0	0.186
0	205.128	27.288	2.650	1	0.781
0	204.991	27.413	2.650	0	0.164
0	207.282	20.368	2.650	1	0.781
0	207.246	20.178	2.650	0	0.172
0	204.854	27.544	2.650	1	0.781
0	204.729	27.633	2.650	0	0.139
0	207.210	20.005	2.650	1	0.781
0	207.157	19.868	2.650	0	0.133
0	204.598	27.746	2.650	1	0.781
0	204.473	27.835	2.650	0	0.139
0	207.115	19.708	2.650	1	0.781
0	207.067	19.571	2.650	0	0.128
0	204.348	27.937	2.650	1	0.781
0	204.229	28.014	2.650	0	0.129
0	207.020	19.422	2.650	1	0.781
0	206.966	19.291	2.650	0	0.125
0	204.110	28.079	2.650	1	0.781
0	203.985	28.175	2.650	0	0.139
0	206.913	19.166	2.650	1	0.782
0	206.865	19.018	2.650	0	0.138
0	203.872	28.240	2.650	1	0.781
0	203.753	28.306	2.650	0	0.120
0	206.806	18.910	2.650	1	0.781
0	206.758	18.780	2.650	0	0.123
0	203.634	28.389	2.650	1	0.781
0	203.521	28.436	2.650	0	0.111
0	206.698	18.655	2.650	1	0.781
0	206.645	18.542	2.650	0	0.113
0	203.402	28.508	2.650	1	0.781
0	203.295	28.549	2.650	0	0.104
0	206.585	18.423	2.650	1	0.781
0	206.520	18.327	2.650	0	0.105
0	203.182	28.603	2.650	1	0.780
0	203.081	28.627	2.650	0	0.094
0	206.466	18.214	2.650	1	0.781
0	206.401	18.113	2.650	0	0.109
0	202.998	28.591	2.650	1	0.781
0	202.908	28.579	2.650	0	0.082
0	206.341	18.006	2.650	1	0.781
0	206.282	17.911	2.650	0	0.102
0	202.825	28.549	2.650	1	0.781
0	202.736	28.526	2.650	0	0.084
0	206.211	17.828	2.650	1	0.781
0	206.157	17.709	2.650	0	0.118
0	202.652	28.496	2.650	1	0.781
0	202.557	28.490	2.650	0	0.086
0	206.086	17.631	2.650	1	0.781
0	206.020	17.536	2.650	0	0.105
0	202.480	28.442	2.650	1	0.781
0	202.385	28.448	2.650	0	0.086
0	205.955	17.447	2.650	1	0.781
0	205.889	17.364	2.650	0	0.096
0	202.301	28.395	2.650	1	0.781
0	202.206	28.401	2.650	0	0.086
0	205.818	17.286	2.650	1	0.782
0	205.752	17.197	2.650	0	0.098
0	202.129	28.353	2.650	1	0.781
0	202.034	28.347	2.650	0	0.086
0	205.687	17.120	2.650	1	0.781
0	205.621	17.030	2.650	0	0.100
0	201.950	28.317	2.650	1	0.781
0	201.867	28.294	2.650	0	0.078
0	205.544	16.959	2.650	1	0.781
0	205.479	16.876	2.650	0	0.096
0	201.778	28.264	2.650	1	0.781
0	201.689	28.252	2.650	0	0.082
0	205.407	16.804	2.650	1	0.781
0	205.336	16.727	2.650	0	0.095
0	201.605	28.210	2.650	1	0.781
0	201.510	28.216	2.650	0	0.086
0	205.264	16.661	2.650	1	0.781
0	205.193	16.584	2.650	0	0.095
0	201.433	28.169	2.650	1	0.781
0	201.338	28.163	2.650	0	0.086
0	205.122	16.513	2.650	1	0.782
0	205.050	16.453	2.650	0	0.084
0	201.254	28.127	2.650	1	0.781
0	201.165	28.109	2.650	0	0.082
0	204.973	16.388	2.650	1	0.782
0	204.902	16.316	2.650	0	0.091
0	201.082	28.085	2.650	1	0.781
0	200.992	28.062	2.650	0	0.084
0	204.824	16.263	2.650	1	0.781
0	204.753	16.191	2.650	0	0.091
0	200.909	28.032	2.650	1	0.781
0	200.814	28.020	2.650	0	0.087
0	204.675	16.144	2.650	1	0.781
0	204.604	16.078	2.650	0	0.086
0	200.737	27.984	2.650	1	0.781
0	200.641	27.972	2.650	0	0.087
0	204.521	16.025	2.650	1	0.781
0	204.455	15.947	2.650	0	0.092
0	200.564	27.931	2.650	1	0.781
0	200.469	27.937	2.650	0	0.086
0	204.378	15.900	2.650	1	0.781
0	204.295	15.852	2.650	0	0.087
0	200.385	27.883	2.650	1	0.781
0	200.290	27.889	2.650	0	0.086
0	204.217	15.799	2.650	1	0.781
0	204.140	15.745	2.650	0	0.085
0	200.213	27.835	2.650	1	0.781
0	200.118	27.841	2.650	0	0.086
0	204.063	15.698	2.650	1	0.781
0	203.985	15.644	2.650	0	0.085
0	200.034	27.800	2.650	1	0.781
0	199.945	27.782	2.650	0	0.082
0	203.902	15.608	2.650	1	0.781
0	203.831	15.537	2.650	0	0.091
0	199.862	27.746	2.650	1	0.781
0	199.773	27.740	2.650	0	0.081
0	203.747	15.507	2.650	1	0.781
0	203.670	15.448	2.650	0	0.088
0	199.689	27.705	2.650	1	0.782
0	199.594	27.693	2.650	0	0.087
0	203.587	15.412	2.650	1	0.781
0	203.503	15.370	2.650	0	0.084
0	199.517	27.657	2.650	1	0.781
0	199.422	27.645	2.650	0	0.087
0	203.426	15.335	2.650	1	0.781
0	203.349	15.281	2.650	0	0.085
0	199.338	27.615	2.650	1	0.781
0	199.249	27.592	2.650	0	0.084
0	203.259	15.251	2.650	1	0.781
0	203.182	15.204	2.650	0	0.082
0	199.166	27.568	2.650	1	0.781
0	199.077	27.544	2.650	0	0.084
0	203.093	15.174	2.650	1	0.781
0	203.015	15.126	2.650	0	0.082
0	198.993	27.514	2.650	1	0.781
0	198.898	27.508	2.650	0	0.086
0	202.932	15.097	2.650	1	0.781
0	202.849	15.061	2.650	0	0.082
0	198.815	27.467	2.650	1	0.781
0	198.725	27.461	2.650	0	0.081
0	202.760	15.043	2.650	1	0.781
0	202.688	14.984	2.650	0	0.084
0	198.642	27.425	2.650	1	0.781
0	198.553	27.413	2.650	0	0.082
0	202.593	14.972	2.650	1	0.781
0	202.516	14.930	2.650	0	0.080
0	198.470	27.371	2.650	1	0.781
0	198.374	27.371	2.650	0	0.086
0	202.426	14.912	2.650	1	0.781
0	202.343	14.870	2.650	0	0.084
0	198.297	27.324	2.650	1	0.781
0	198.202	27.330	2.650	0	0.086
0	202.254	14.847	2.650	1	0.781
0	202.171	14.823	2.650	0	0.078
0	198.119	27.288	2.650	1	0.781
0	198.029	27.264	2.650	0	0.084
0	202.075	14.811	2.650	1	0.781
0	201.998	14.757	2.650	0	0.085
0	197.946	27.235	2.650	1	0.781
0	197.857	27.229	2.650	0	0.081
0	201.909	14.751	2.650	1	0.781
0	201.825	14.716	2.650	0	0.084
0	197.773	27.187	2.650	1	0.781
0	197.678	27.181	2.650	0	0.086
0	201.730	14.722	2.650	1	0.781
0	201.647	14.674	2.650	0	0.087
0	197.595	27.151	2.650	1	0.781
0	197.512	27.127	2.650	0	0.078
0	201.552	14.680	2.650	1	0.781
0	201.474	14.638	2.650	0	0.080
0	197.422	27.104	2.650	1	0.781
0	197.333	27.080	2.650	0	0.084
0	201.379	14.632	2.650	1	0.781
0	201.290	14.621	2.650	0	0.082
0	197.250	27.044	2.650	1	0.781
0	197.155	27.044	2.650	0	0.086
0	201.201	14.603	2.650	1	0.781
0	201.105	14.591	2.650	0	0.087
0	197.077	26.997	2.650	1	0.781
0	196.982	27.002	2.650	0	0.086
0	201.010	14.591	2.650	1	0.781
0	200.933	14.555	2.650	0	0.077
0	196.899	26.955	2.650	1	0.781
0	196.810	26.949	2.650	0	0.081
0	200.826	14.573	2.650	1	0.781
0	200.748	14.531	2.650	0	0.080
0	196.726	26.901	2.650	1	0.781
0	196.631	26.907	2.650	0	0.086
0	200.647	14.555	2.650	1	0.781
0	200.564	14.525	2.650	0	0.080
0	196.554	26.860	2.650	1	0.781
0	196.459	26.854	2.650	0	0.086
0	200.463	14.543	2.650	1	0.781
0	200.374	14.513	2.650	0	0.085
0	196.375	26.818	2.650	1	0.781
0	196.286	26.806	2.650	0	0.082
0	200.272	14.537	2.650	1	0.781
0	200.189	14.502	2.650	0	0.082
0	196.209	26.764	2.650	1	0.781
0	196.107	26.764	2.650	0	0.092
0	200.082	14.537	2.650	1	0.781
0	199.999	14.502	2.650	0	0.082
0	196.030	26.729	2.650	1	0.781
0	195.935	26.723	2.650	0	0.088
0	199.898	14.531	2.650	1	0.781
0	199.808	14.513	2.650	0	0.082
0	195.852	26.681	2.650	1	0.781
0	195.768	26.657	2.650	0	0.078
0	199.707	14.537	2.650	1	0.781
0	199.618	14.519	2.650	0	0.082
0	195.679	26.628	2.650	1	0.781
0	195.590	26.622	2.650	0	0.081
0	199.511	14.555	2.650	1	0.781
0	199.422	14.531	2.650	0	0.084
0	195.507	26.580	2.650	1	0.781
0	195.417	26.574	2.650	0	0.081
0	199.320	14.561	2.650	1	0.781
0	199.225	14.561	2.650	0	0.086
0	195.328	26.544	2.650	1	0.781
0	195.245	26.521	2.650	0	0.078
0	199.118	14.591	2.650	1	0.781
0	199.029	14.579	2.650	0	0.082
0	195.161	26.491	2.650	1	0.781
0	195.066	26.479	2.650	0	0.087
0	198.922	14.609	2.650	1	0.781
0	198.827	14.621	2.650	0	0.087
0	194.989	26.437	2.650	1	0.781
0	194.888	26.437	2.650	0	0.092
0	198.725	14.644	2.650	1	0.781
0	198.630	14.638	2.650	0	0.088
0	194.810	26.402	2.650	1	0.781
0	194.721	26.378	2.650	0	0.084
0	198.523	14.680	2.650	1	0.781
0	198.428	14.680	2.650	0	0.088
0	194.632	26.354	2.650	1	0.781
0	194.549	26.330	2.650	0	0.078
0	198.315	14.734	2.650	1	0.780
0	198.220	14.734	2.650	0	0.088
0	194.459	26.300	2.650	1	0.781
0	194.370	26.294	2.650	0	0.081
0	198.107	14.787	2.650	1	0.782
0	198.011	14.799	2.650	0	0.087
0	194.287	26.253	2.650	1	0.780
0	194.197	26.247	2.650	0	0.081
0	197.898	14.853	2.650	1	0.781
0	197.809	14.841	2.650	0	0.083
0	194.114	26.211	2.650	1	0.781
0	194.025	26.193	2.650	0	0.082
0	197.684	14.924	2.650	1	0.781
0	197.589	14.930	2.650	0	0.086
0	193.965	26.086	2.650	1	0.781
0	193.888	26.033	2.650	0	0.089
0	197.476	14.995	2.650	1	0.781
0	197.381	14.995	2.650	0	0.088
0	193.835	25.890	2.650	1	0.781
0	193.763	25.818	2.650	0	0.093
0	197.256	15.091	2.650	1	0.781
0	197.161	15.085	2.650	0	0.088
0	193.716	25.688	2.650	1	0.781
0	193.644	25.616	2.650	0	0.093
0	197.036	15.174	2.650	1	0.781
0	196.935	15.192	2.650	0	0.095
0	193.597	25.461	2.650	1	0.781
0	193.519	25.408	2.650	0	0.087
0	196.810	15.281	2.650	1	0.781
0	196.714	15.299	2.650	0	0.090
0	193.478	25.253	2.650	1	0.782
0	193.406	25.170	2.650	0	0.102
0	196.583	15.400	2.650	1	0.781
0	196.482	15.418	2.650	0	0.095
0	193.370	25.003	2.650	1	0.781
0	193.293	24.944	2.650	0	0.090
0	196.351	15.531	2.650	1	0.781
0	196.250	15.555	2.650	0	0.096
0	193.257	24.765	2.650	1	0.781
0	193.192	24.682	2.650	0	0.098
0	196.119	15.662	2.650	1	0.781
0	196.012	15.692	2.650	0	0.105
0	193.150	24.509	2.650	1	0.780
0	193.085	24.426	2.650	0	0.100
0	195.875	15.834	2.650	1	0.781
0	195.768	15.870	2.650	0	0.105
0	193.055	24.224	2.650	1	0.780
0	192.990	24.123	2.650	0	0.112
0	195.625	16.013	2.650	1	0.781
0	195.518	16.055	2.650	0	0.106
0	192.960	23.926	2.650	1	0.780
0	192.900	23.819	2.650	0	0.113
0	195.376	16.203	2.650	1	0.781
0	195.263	16.257	2.650	0	0.118
0	192.877	23.599	2.650	1	0.781
0	192.817	23.492	2.650	0	0.113
0	195.114	16.435	2.650	1	0.781
0	194.989	16.513	2.650	0	0.136
0	192.805	23.248	2.650	1	0.780
0	192.752	23.123	2.650	0	0.126
0	194.834	16.703	2.650	1	0.781
0	194.715	16.774	2.650	0	0.128
0	192.740	22.867	2.650	1	0.780
0	192.692	22.713	2.650	0	0.153
0	194.549	17.007	2.650	1	0.781
0	194.412	17.120	2.650	0	0.161
0	192.698	22.397	2.650	1	0.781
0	192.662	22.225	2.650	0	0.160
0	194.233	17.381	2.650	1	0.780
0	194.096	17.518	2.650	0	0.175
0	192.680	21.868	2.650	1	0.781
0	192.662	21.647	2.650	0	0.200
0	193.888	17.863	2.650	1	0.782
0	193.721	18.089	2.650	0	0.249
0	192.716	21.177	2.650	1	0.782
0	192.740	20.826	2.650	0	0.312
0	193.460	18.595	2.650	1	0.782
0	193.085	19.470	2.650	0	0.748
0	193.019	19.666	2.650	1	0.784
