Mode	X(mm)	Y(mm)	Z(mm)	Pmod	tParam
1	-47.362	-55.014	2.500	0	0.000
0	-47.243	-54.972	2.500	1	0.876
0	-46.368	-54.562	2.500	0	0.671
0	-48.546	-55.353	2.500	1	0.832
0	-48.998	-55.424	2.500	0	0.116
0	-45.928	-54.312	2.500	1	0.835
0	-45.654	-54.115	2.500	0	0.067
0	-49.379	-55.472	2.500	1	0.834
0	-49.677	-55.490	2.500	0	0.051
0	-45.404	-53.931	2.500	1	0.835
0	-45.202	-53.770	2.500	0	0.039
0	-49.938	-55.490	2.500	1	0.833
0	-50.182	-55.490	2.500	0	0.034
0	-44.994	-53.598	2.500	1	0.834
0	-44.833	-53.449	2.500	0	0.028
0	-50.414	-55.478	2.500	1	0.833
0	-50.635	-55.466	2.500	0	0.027
0	-44.679	-53.300	2.500	1	0.833
0	-44.548	-53.163	2.500	0	0.022
0	-50.843	-55.454	2.500	1	0.833
0	-51.015	-55.424	2.500	0	0.019
0	-44.399	-53.014	2.500	1	0.834
0	-44.292	-52.884	2.500	0	0.018
0	-51.182	-55.389	2.500	1	0.832
0	-51.366	-55.365	2.500	0	0.019
0	-44.191	-52.753	2.500	1	0.833
0	-44.072	-52.622	2.500	0	0.017
0	-51.539	-55.335	2.500	1	0.834
0	-51.688	-55.299	2.500	0	0.014
0	-43.988	-52.497	2.500	1	0.833
0	-43.887	-52.366	2.500	0	0.015
0	-51.830	-55.258	2.500	1	0.833
0	-51.985	-55.222	2.500	0	0.014
0	-43.810	-52.247	2.500	1	0.833
0	-43.709	-52.116	2.500	0	0.014
0	-52.146	-55.186	2.500	1	0.833
0	-52.259	-55.139	2.500	0	0.010
0	-43.649	-52.003	2.500	1	0.834
0	-43.554	-51.878	2.500	0	0.013
0	-52.408	-55.103	2.500	1	0.834
0	-52.521	-55.049	2.500	0	0.010
0	-43.500	-51.765	2.500	1	0.833
0	-43.435	-51.652	2.500	0	0.010
0	-52.640	-55.002	2.500	1	0.833
0	-52.771	-54.954	2.500	0	0.011
0	-43.381	-51.539	2.500	1	0.833
0	-43.304	-51.420	2.500	0	0.011
0	-52.901	-54.913	2.500	1	0.833
0	-53.009	-54.859	2.500	0	0.009
0	-43.239	-51.301	2.500	1	0.833
0	-43.203	-51.194	2.500	0	0.008
0	-53.116	-54.805	2.500	1	0.833
0	-53.229	-54.752	2.500	0	0.009
0	-43.138	-51.081	2.500	1	0.833
0	-43.102	-50.974	2.500	0	0.008
0	-53.354	-54.704	2.500	1	0.833
0	-53.443	-54.645	2.500	0	0.008
0	-43.036	-50.861	2.500	1	0.833
0	-43.007	-50.759	2.500	0	0.007
0	-53.544	-54.591	2.500	1	0.833
0	-53.663	-54.544	2.500	0	0.009
0	-42.965	-50.652	2.500	1	0.834
0	-42.929	-50.545	2.500	0	0.008
0	-53.746	-54.484	2.500	1	0.833
0	-53.853	-54.431	2.500	0	0.008
0	-42.900	-50.444	2.500	1	0.833
0	-42.846	-50.331	2.500	0	0.008
0	-53.949	-54.371	2.500	1	0.833
0	-54.032	-54.306	2.500	0	0.007
0	-42.816	-50.224	2.500	1	0.833
0	-42.792	-50.129	2.500	0	0.006
0	-54.115	-54.246	2.500	1	0.833
0	-54.222	-54.193	2.500	0	0.008
0	-42.769	-50.028	2.500	1	0.832
0	-42.715	-49.915	2.500	0	0.008
0	-54.288	-54.127	2.500	1	0.833
0	-54.395	-54.074	2.500	0	0.008
0	-42.715	-49.819	2.500	1	0.833
0	-42.667	-49.712	2.500	0	0.007
0	-54.466	-54.008	2.500	1	0.833
0	-54.556	-53.949	2.500	0	0.007
0	-42.667	-49.617	2.500	1	0.833
0	-42.638	-49.516	2.500	0	0.006
0	-54.621	-53.877	2.500	1	0.833
0	-54.722	-53.824	2.500	0	0.007
0	-42.626	-49.421	2.500	1	0.833
0	-42.584	-49.314	2.500	0	0.007
0	-54.776	-53.752	2.500	1	0.833
0	-54.865	-53.693	2.500	0	0.006
0	-42.578	-49.218	2.500	1	0.833
0	-42.560	-49.117	2.500	0	0.006
0	-54.942	-53.627	2.500	1	0.833
0	-55.008	-53.562	2.500	0	0.005
0	-42.560	-49.028	2.500	1	0.833
0	-42.525	-48.921	2.500	0	0.007
0	-55.091	-53.496	2.500	1	0.833
0	-55.151	-53.425	2.500	0	0.005
0	-42.537	-48.838	2.500	1	0.832
0	-42.519	-48.736	2.500	0	0.006
0	-55.216	-53.360	2.500	1	0.833
0	-55.305	-53.300	2.500	0	0.006
0	-42.507	-48.641	2.500	1	0.833
0	-42.489	-48.546	2.500	0	0.006
0	-55.353	-53.223	2.500	1	0.833
0	-55.436	-53.163	2.500	0	0.006
0	-42.495	-48.451	2.500	1	0.833
0	-42.483	-48.356	2.500	0	0.005
0	-55.496	-53.092	2.500	1	0.833
0	-55.549	-53.020	2.500	0	0.005
0	-42.477	-48.260	2.500	1	0.833
0	-42.483	-48.171	2.500	0	0.005
0	-55.615	-52.949	2.500	1	0.833
0	-55.680	-52.884	2.500	0	0.005
0	-42.477	-48.076	2.500	1	0.833
0	-42.471	-47.981	2.500	0	0.005
0	-55.734	-52.812	2.500	1	0.833
0	-55.799	-52.741	2.500	0	0.005
0	-42.477	-47.892	2.500	1	0.833
0	-42.471	-47.796	2.500	0	0.005
0	-55.853	-52.669	2.500	1	0.833
0	-55.912	-52.598	2.500	0	0.005
0	-42.489	-47.713	2.500	1	0.832
0	-42.471	-47.612	2.500	0	0.006
0	-55.960	-52.527	2.500	1	0.833
0	-56.019	-52.455	2.500	0	0.005
0	-42.501	-47.535	2.500	1	0.833
0	-42.483	-47.433	2.500	0	0.006
0	-56.067	-52.378	2.500	1	0.833
0	-56.132	-52.312	2.500	0	0.005
0	-42.513	-47.356	2.500	1	0.833
0	-42.501	-47.255	2.500	0	0.006
0	-56.180	-52.235	2.500	1	0.833
0	-56.216	-52.158	2.500	0	0.005
0	-42.525	-47.172	2.500	1	0.833
0	-42.525	-47.082	2.500	0	0.005
0	-56.263	-52.080	2.500	1	0.833
0	-56.329	-52.015	2.500	0	0.005
0	-42.560	-46.999	2.500	1	0.833
0	-42.542	-46.904	2.500	0	0.005
0	-56.364	-51.938	2.500	1	0.833
0	-56.412	-51.860	2.500	0	0.005
0	-42.584	-46.827	2.500	1	0.833
0	-42.566	-46.731	2.500	0	0.005
0	-56.454	-51.783	2.500	1	0.833
0	-56.501	-51.706	2.500	0	0.005
0	-42.602	-46.648	2.500	1	0.833
0	-42.614	-46.559	2.500	0	0.005
0	-56.531	-51.628	2.500	1	0.833
0	-56.602	-51.557	2.500	0	0.005
0	-42.638	-46.481	2.500	1	0.833
0	-42.644	-46.386	2.500	0	0.005
0	-56.620	-51.473	2.500	1	0.833
0	-56.674	-51.402	2.500	0	0.005
0	-42.685	-46.309	2.500	1	0.833
0	-42.673	-46.214	2.500	0	0.005
0	-56.709	-51.325	2.500	1	0.833
0	-56.745	-51.241	2.500	0	0.005
0	-42.721	-46.136	2.500	1	0.832
0	-42.727	-46.047	2.500	0	0.005
0	-56.775	-51.164	2.500	1	0.833
0	-56.822	-51.087	2.500	0	0.005
0	-42.757	-45.970	2.500	1	0.833
0	-42.781	-45.886	2.500	0	0.005
0	-56.846	-51.003	2.500	1	0.833
0	-56.894	-50.932	2.500	0	0.004
0	-42.810	-45.803	2.500	1	0.833
0	-42.822	-45.714	2.500	0	0.005
0	-56.912	-50.843	2.500	1	0.833
0	-56.959	-50.771	2.500	0	0.004
0	-42.870	-45.642	2.500	1	0.833
0	-42.870	-45.547	2.500	0	0.005
0	-56.977	-50.682	2.500	1	0.833
0	-57.025	-50.605	2.500	0	0.005
0	-42.923	-45.476	2.500	1	0.833
0	-42.935	-45.387	2.500	0	0.005
0	-57.043	-50.521	2.500	1	0.833
0	-57.072	-50.444	2.500	0	0.004
0	-42.971	-45.309	2.500	1	0.833
0	-43.007	-45.232	2.500	0	0.004
0	-57.096	-50.361	2.500	1	0.833
0	-57.138	-50.283	2.500	0	0.005
0	-43.054	-45.155	2.500	1	0.833
0	-43.054	-45.065	2.500	0	0.005
0	-57.138	-50.188	2.500	1	0.833
0	-57.191	-50.117	2.500	0	0.005
0	-43.108	-44.988	2.500	1	0.833
0	-43.126	-44.905	2.500	0	0.004
0	-57.191	-50.022	2.500	1	0.833
0	-57.245	-49.950	2.500	0	0.005
0	-43.185	-44.833	2.500	1	0.833
0	-43.209	-44.750	2.500	0	0.005
0	-57.233	-49.855	2.500	1	0.832
0	-57.287	-49.784	2.500	0	0.005
0	-43.251	-44.673	2.500	1	0.833
0	-43.292	-44.595	2.500	0	0.005
0	-57.281	-49.688	2.500	1	0.833
0	-57.316	-49.611	2.500	0	0.004
0	-43.346	-44.524	2.500	1	0.833
0	-43.358	-44.435	2.500	0	0.005
0	-57.328	-49.522	2.500	1	0.833
0	-57.358	-49.439	2.500	0	0.005
0	-43.423	-44.369	2.500	1	0.833
0	-43.447	-44.286	2.500	0	0.005
0	-57.364	-49.349	2.500	1	0.833
0	-57.394	-49.266	2.500	0	0.005
0	-43.512	-44.214	2.500	1	0.833
0	-43.530	-44.131	2.500	0	0.005
0	-57.388	-49.177	2.500	1	0.833
0	-57.406	-49.087	2.500	0	0.005
0	-43.596	-44.066	2.500	1	0.833
0	-43.631	-43.982	2.500	0	0.005
0	-57.417	-48.998	2.500	1	0.833
0	-57.429	-48.915	2.500	0	0.004
0	-43.703	-43.917	2.500	1	0.833
0	-43.721	-43.828	2.500	0	0.005
0	-57.429	-48.820	2.500	1	0.833
0	-57.453	-48.736	2.500	0	0.005
0	-43.786	-43.762	2.500	1	0.832
0	-43.834	-43.691	2.500	0	0.005
0	-57.459	-48.647	2.500	1	0.833
0	-57.465	-48.558	2.500	0	0.005
0	-43.887	-43.614	2.500	1	0.833
0	-43.923	-43.536	2.500	0	0.005
0	-57.465	-48.463	2.500	1	0.833
0	-57.477	-48.379	2.500	0	0.005
0	-44.000	-43.471	2.500	1	0.834
0	-44.024	-43.387	2.500	0	0.005
0	-57.471	-48.284	2.500	1	0.833
0	-57.483	-48.195	2.500	0	0.005
0	-44.113	-43.328	2.500	1	0.833
0	-44.161	-43.257	2.500	0	0.005
0	-57.465	-48.094	2.500	1	0.833
0	-57.501	-48.017	2.500	0	0.005
0	-44.232	-43.191	2.500	1	0.833
0	-44.274	-43.114	2.500	0	0.005
0	-57.459	-47.909	2.500	1	0.833
0	-57.501	-47.832	2.500	0	0.005
0	-44.351	-43.048	2.500	1	0.833
0	-44.399	-42.977	2.500	0	0.005
0	-57.477	-47.731	2.500	1	0.833
0	-57.495	-47.648	2.500	0	0.005
0	-44.482	-42.911	2.500	1	0.833
0	-44.524	-42.834	2.500	0	0.005
0	-57.465	-47.546	2.500	1	0.833
0	-57.465	-47.451	2.500	0	0.005
0	-44.601	-42.769	2.500	1	0.833
0	-44.661	-42.703	2.500	0	0.005
0	-57.435	-47.350	2.500	1	0.833
0	-57.465	-47.267	2.500	0	0.005
0	-44.744	-42.638	2.500	1	0.833
0	-44.792	-42.560	2.500	0	0.005
0	-57.417	-47.160	2.500	1	0.833
0	-57.441	-47.076	2.500	0	0.005
0	-44.875	-42.501	2.500	1	0.833
0	-44.940	-42.435	2.500	0	0.005
0	-57.394	-46.963	2.500	1	0.833
0	-57.417	-46.880	2.500	0	0.005
0	-45.024	-42.370	2.500	1	0.833
0	-45.089	-42.304	2.500	0	0.005
0	-57.370	-46.773	2.500	1	0.833
0	-57.376	-46.684	2.500	0	0.005
0	-45.178	-42.245	2.500	1	0.833
0	-45.214	-42.162	2.500	0	0.005
0	-57.346	-46.583	2.500	1	0.833
0	-57.328	-46.481	2.500	0	0.006
0	-45.327	-42.114	2.500	1	0.833
0	-45.381	-42.043	2.500	0	0.005
0	-57.287	-46.374	2.500	1	0.833
0	-57.304	-46.285	2.500	0	0.006
0	-45.506	-41.995	2.500	1	0.833
0	-45.553	-41.918	2.500	0	0.006
0	-57.257	-46.178	2.500	1	0.833
0	-57.263	-46.089	2.500	0	0.006
0	-45.666	-41.870	2.500	1	0.833
0	-45.732	-41.799	2.500	0	0.006
0	-57.191	-45.970	2.500	1	0.833
0	-57.209	-45.886	2.500	0	0.005
0	-45.845	-41.751	2.500	1	0.833
0	-45.910	-41.680	2.500	0	0.006
0	-57.126	-45.761	2.500	1	0.833
0	-57.132	-45.672	2.500	0	0.006
0	-46.029	-41.632	2.500	1	0.833
0	-46.101	-41.567	2.500	0	0.006
0	-57.066	-45.559	2.500	1	0.833
0	-57.049	-45.458	2.500	0	0.007
0	-46.220	-41.513	2.500	1	0.832
0	-46.291	-41.454	2.500	0	0.006
0	-56.989	-45.345	2.500	1	0.834
0	-56.995	-45.256	2.500	0	0.006
0	-46.416	-41.406	2.500	1	0.833
0	-46.499	-41.341	2.500	0	0.007
0	-56.906	-45.131	2.500	1	0.833
0	-56.906	-45.036	2.500	0	0.007
0	-46.624	-41.293	2.500	1	0.833
0	-46.708	-41.233	2.500	0	0.007
0	-56.793	-44.905	2.500	1	0.833
0	-56.787	-44.809	2.500	0	0.007
0	-46.874	-41.204	2.500	1	0.832
0	-47.249	-41.245	2.500	0	0.027
0	-56.703	-44.690	2.500	1	0.834
0	-56.686	-44.589	2.500	0	0.008
0	-48.308	-41.543	2.500	1	0.833
0	-49.171	-41.763	2.500	0	0.074
0	-56.584	-44.458	2.500	1	0.832
0	-56.567	-44.363	2.500	0	0.009
0	-50.218	-42.055	2.500	1	0.833
0	-51.087	-42.275	2.500	0	0.095
0	-56.460	-44.232	2.500	1	0.833
0	-56.442	-44.131	2.500	0	0.013
0	-52.140	-42.566	2.500	1	0.833
0	-53.009	-42.792	2.500	0	0.133
0	-56.317	-43.994	2.500	1	0.833
0	-56.293	-43.893	2.500	0	0.020
0	-54.056	-43.078	2.500	1	0.834
0	-54.924	-43.304	2.500	0	0.217
0	-56.150	-43.750	2.500	1	0.836
0	-56.120	-43.643	2.500	0	0.042
0	-55.966	-43.590	2.500	1	0.853
