Mode	X(mm)	Y(mm)	Z(mm)	Pmod	tParam
1	52.4328	17.210083	0.0	0	0.0
0	52.4328	28.40799	0.0	1	0.812
1	52.3257	28.40799	0.0	0	0.0005675818532573373
0	52.3257	17.29338	0.0	1	0.812
1	52.2186	17.25769	0.0	0	0.000555752533408338
0	52.2186	28.402039	0.0	1	0.812
1	52.1115	28.419876	0.0	0	0.0005611739135140681
0	52.1115	17.281479	0.0	1	0.812
1	52.0044	17.269577	0.0	0	0.0005630624705332821
0	52.0044	28.40799	0.0	1	0.812
1	51.8973	28.40799	0.0	0	0.0005703911992718247
0	51.8973	17.275528	0.0	1	0.812
1	51.7902	17.275528	0.0	0	0.0005602531245187947
0	51.7902	28.396088	0.0	1	0.812
1	51.67715	28.425827	0.0	0	0.000555752533408338
0	51.67715	17.281479	0.0	1	0.812
1	51.57005	17.269577	0.0	0	0.0005703911992718247
0	51.57005	28.402039	0.0	1	0.812
1	51.46295	28.419876	0.0	0	0.000555752533408338
0	51.46295	17.275528	0.0	1	0.812
1	51.35585	17.275528	0.0	0	0.0005703911992718247
0	51.35585	28.40799	0.0	1	0.812
1	51.24875	28.40799	0.0	0	0.0005675818532573373
0	51.24875	17.29338	0.0	1	0.812
1	51.14165	17.25769	0.0	0	0.000555752533408338
0	51.14165	28.402039	0.0	1	0.812
1	51.03455	28.419876	0.0	0	0.0005630812621468806
0	51.03455	17.281479	0.0	1	0.812
1	50.92745	17.269577	0.0	0	0.0005611551219004696
0	50.92745	28.40799	0.0	1	0.812
1	50.82035	28.40799	0.0	0	0.0005703892404618216
0	50.8144	17.275528	0.0	1	0.812
1	50.7073	17.275528	0.0	0	0.0005621604731516072
0	50.7073	28.396088	0.0	1	0.812
1	50.6002	28.425827	0.0	0	0.0005538451847755255
0	50.6002	17.281479	0.0	1	0.812
1	50.4931	17.269577	0.0	0	0.0005703911992718247
0	50.4931	28.402039	0.0	1	0.812
1	50.386	28.419876	0.0	0	0.000555752533408338
0	50.386	17.275528	0.0	1	0.812
1	50.2789	17.275528	0.0	0	0.0005703911992718247
0	50.2789	28.40799	0.0	1	0.812
1	50.1718	28.40799	0.0	0	0.0005675818532573373
0	50.1718	17.29338	0.0	1	0.812
1	50.0647	17.25769	0.0	0	0.000555752533408338
0	50.0647	28.402039	0.0	1	0.812
1	49.9576	28.419876	0.0	0	0.0005630793043813753
0	49.95165	17.281479	0.0	1	0.812
1	49.84455	17.269577	0.0	0	0.0005630624705332821
0	49.84455	28.40799	0.0	1	0.812
1	49.73745	28.40799	0.0	0	0.0005684838506390122
0	49.73745	17.275528	0.0	1	0.812
1	49.63035	17.275528	0.0	0	0.0005621604731516072
0	49.63035	28.396088	0.0	1	0.812
1	49.52325	28.425827	0.0	0	0.000555752533408338
0	49.52325	17.281479	0.0	1	0.812
1	49.41615	17.269577	0.0	0	0.0005684838506390122
0	49.41615	28.402039	0.0	1	0.812
1	49.30905	28.419876	0.0	0	0.000555752533408338
0	49.30905	17.275528	0.0	1	0.812
1	49.20195	17.275528	0.0	0	0.0005703911992718247
0	49.20195	28.40799	0.0	1	0.812
1	49.0889	28.40799	0.0	0	0.0005675818532573373
0	49.0889	17.29338	0.0	1	0.812
1	48.9818	17.25769	0.0	0	0.000555752533408338
0	48.9818	28.402039	0.0	1	0.812
1	48.8747	28.419876	0.0	0	0.0005630812621468806
0	48.8747	17.281479	0.0	1	0.812
1	48.7676	17.269577	0.0	0	0.0005630624705332821
0	48.7676	28.40799	0.0	1	0.812
1	48.6605	28.40799	0.0	0	0.0005703911992718247
0	48.6605	17.275528	0.0	1	0.812
1	48.5534	17.275528	0.0	0	0.0005602531245187947
0	48.5534	28.396088	0.0	1	0.812
1	48.4463	28.425827	0.0	0	0.000555752533408338
0	48.4463	17.281479	0.0	1	0.812
1	48.3392	17.269577	0.0	0	0.0005703911992718247
0	48.3392	28.402039	0.0	1	0.812
1	48.22615	28.419876	0.0	0	0.0005538451847755255
0	48.22615	17.275528	0.0	1	0.812
1	48.11905	17.275528	0.0	0	0.0005703911992718247
0	48.11905	28.40799	0.0	1	0.812
1	48.01195	28.40799	0.0	0	0.0005675818532573373
0	48.01195	17.29338	0.0	1	0.812
1	47.90485	17.25769	0.0	0	0.0010130088317588104
0	47.90485	19.066483	0.0	1	0.812
1	47.79775	18.53099	0.0	0	0.001118429775896601
0	47.79775	17.275528	0.0	1	0.812
1	47.69065	17.275528	0.0	0	0.001061998564622968
0	47.69065	18.245377	0.0	1	0.812
1	47.58355	18.185883	0.0	0	0.0010122947504953572
0	47.58355	17.29338	0.0	1	0.812
1	47.4705	17.25769	0.0	0	0.0010634831019800117
0	47.4705	18.031189	0.0	1	0.812
1	47.3634	18.001434	0.0	0	0.0010744104244437835
0	47.3634	17.275528	0.0	1	0.812
1	47.2563	17.275528	0.0	0	0.0010605610062910387
0	47.2563	17.953827	0.0	1	0.812
1	47.1492	17.947876	0.0	0	0.0010752184637645712
0	47.1492	17.281479	0.0	1	0.812
1	47.0421	17.269577	0.0	0	0.001079719054875028
0	47.0421	17.912186	0.0	1	0.812
1	46.935	17.947876	0.0	0	0.0010678897350295813
0	46.935	17.275528	0.0	1	0.812
1	46.8279	17.275528	0.0	0	0.0010825284008895153
0	46.8279	17.93599	0.0	1	0.812
1	46.7208	17.989532	0.0	0	0.001066179698323566
0	46.7208	17.275528	0.0	1	0.812
1	46.60775	17.275528	0.0	0	0.0010651743470724284
0	46.60775	18.007385	0.0	1	0.812
1	46.50065	18.096634	0.0	0	0.0010846612488677465
0	46.50065	17.281479	0.0	1	0.812
1	46.39355	17.269577	0.0	0	0.0010554590835951672
0	46.39355	18.185883	0.0	1	0.812
1	46.28645	18.36438	0.0	0	0.0011052756473937109
0	46.28645	17.29338	0.0	1	0.812
1	46.17935	17.25769	0.0	0	0.0010270179786111555
0	46.17935	18.703537	0.0	1	0.812
1	47.90485	19.221176	0.0	0	0.0009256466268894314
0	47.90485	28.40799	0.0	1	0.812
1	47.79775	28.40799	0.0	0	0.00069678358256553
0	47.79775	20.048233	0.0	1	0.812
1	47.69065	20.196991	0.0	0	0.0007075229889075274
0	47.69065	28.354431	0.0	1	0.812
1	47.58355	26.051788	0.0	0	0.0013296381006107083
0	47.58355	20.369537	0.0	1	0.812
1	47.4705	20.41713	0.0	0	0.0008326657299910778
0	47.4705	25.66504	0.0	1	0.812
1	47.3634	25.56984	0.0	0	0.0008121640811395991
0	47.3634	20.500427	0.0	1	0.812
1	47.2563	20.51828	0.0	0	0.000841272288354844
0	47.2563	25.40918	0.0	1	0.812
1	47.1492	25.361588	0.0	0	0.0008530076501394035
0	47.1492	20.57779	0.0	1	0.812
1	47.0421	20.553986	0.0	0	0.0008721844903369913
0	47.0421	25.302078	0.0	1	0.812
1	46.935	25.272339	0.0	0	0.0008757830840622205
0	46.935	20.565887	0.0	1	0.812
1	46.8279	20.542084	0.0	0	0.0008757830840622205
0	46.8279	25.248535	0.0	1	0.812
1	46.7208	25.260437	0.0	0	0.0008814017760947479
0	46.7208	20.51828	0.0	1	0.812
1	46.60775	20.464737	0.0	0	0.0008685671049981636
0	46.60775	25.254486	0.0	1	0.812
1	46.50065	25.296127	0.0	0	0.0008743173383152225
0	46.50065	20.393341	0.0	1	0.812
1	46.39355	20.280289	0.0	0	0.0008634839739123379
0	46.39355	25.30803	0.0	1	0.812
1	46.28645	25.37944	0.0	0	0.0008647899909561829
0	46.28645	20.137482	0.0	1	0.812
1	46.17935	19.80429	0.0	0	0.0008957679635770432
0	46.17935	25.468689	0.0	1	0.812
1	46.07225	25.587677	0.0	0	0.0007325252288659101
0	46.07225	17.275528	0.0	1	0.812
1	45.96515	17.275528	0.0	0	0.0006851609704519035
0	45.96515	25.819733	0.0	1	0.812
1	45.85805	26.533737	0.0	0	0.0007973656865765122
0	45.85805	17.281479	0.0	1	0.812
1	45.745	17.269577	0.0	0	0.001011731002130034
0	45.745	19.429428	0.0	1	0.812
1	45.6379	19.316391	0.0	0	0.0009748618591025604
0	45.6379	17.281479	0.0	1	0.812
1	45.5308	17.269577	0.0	0	0.0010176221725402002
0	45.5308	19.131927	0.0	1	0.812
1	45.4237	18.16803	0.0	0	0.0012297324946359822
0	45.4237	17.275528	0.0	1	0.812
1	45.3166	17.275528	0.0	0	0.0010606549643519259
0	45.3166	18.031189	0.0	1	0.812
1	45.2095	18.001434	0.0	0	0.0010716010784292962
0	45.2095	17.29338	0.0	1	0.812
1	45.1024	17.25769	0.0	0	0.0010678897350295813
0	45.1024	17.930038	0.0	1	0.812
1	44.9953	18.096634	0.0	0	0.0011075494324614965
0	44.9953	17.281479	0.0	1	0.812
1	44.88225	17.269577	0.0	0	0.001056671142578125
0	44.88225	18.322739	0.0	1	0.812
1	44.77515	18.52504	0.0	0	0.0010606079853232586
0	44.77515	17.281479	0.0	1	0.812
1	44.66805	17.269577	0.0	0	0.001027919975996383
0	44.66805	18.733276	0.0	1	0.812
1	44.56095	18.941528	0.0	0	0.001068697774350369
0	44.56095	17.275528	0.0	1	0.812
1	44.45385	17.275528	0.0	0	0.001015912135834185
0	44.45385	19.179535	0.0	1	0.812
1	44.34675	19.375885	0.0	0	0.001012520249840776
0	44.34675	17.275528	0.0	1	0.812
1	44.23965	17.275528	0.0	0	0.0009801423021151834
0	44.23965	19.715027	0.0	1	0.812
1	47.58355	28.40799	0.0	0	0.0032591796273671036
0	47.58355	27.17633	0.0	1	0.812
1	47.47645	27.396484	0.0	0	0.0010583811792841402
0	47.47645	28.40799	0.0	1	0.812
1	47.3634	28.40799	0.0	0	0.0010707930391049558
0	47.3634	27.640427	0.0	1	0.812
1	47.2563	27.688034	0.0	0	0.0010487128948355462
0	47.2563	28.396088	0.0	1	0.812
1	47.1492	28.425827	0.0	0	0.0010760265030889116
0	47.1492	27.81894	0.0	1	0.812
1	47.0421	27.830841	0.0	0	0.0010796250968141408
0	47.0421	28.396088	0.0	1	0.812
1	46.935	28.425827	0.0	0	0.0010768157507996534
0	46.935	27.878433	0.0	1	0.812
1	46.8279	27.890335	0.0	0	0.001082321693157695
0	46.8279	28.396088	0.0	1	0.812
1	46.7208	28.425827	0.0	0	0.0010832424821529685
0	46.7208	27.902237	0.0	1	0.812
1	46.6137	27.866531	0.0	0	0.00107589496180438
0	46.6137	28.396088	0.0	1	0.812
1	46.50065	28.425827	0.0	0	0.0010796250968141408
0	46.50065	27.86058	0.0	1	0.812
1	46.39355	27.812988	0.0	0	0.0010677769853550956
0	46.39355	28.40799	0.0	1	0.812
1	46.28645	28.40799	0.0	0	0.0010723903261364853
0	46.28645	27.75943	0.0	1	0.812
1	46.17935	27.670181	0.0	0	0.001067081695705241
0	46.17935	28.402039	0.0	1	0.812
1	46.07225	28.419876	0.0	0	0.0010599972579292682
0	46.07225	27.52739	0.0	1	0.812
1	45.96515	27.342926	0.0	0	0.001079559326171875
0	45.96515	28.396088	0.0	1	0.812
1	45.85805	28.425827	0.0	0	0.0010203375604938003
0	45.85805	26.622986	0.0	1	0.812
1	45.745	20.107727	0.0	0	0.002257784011916897
0	45.745	28.40799	0.0	1	0.812
1	45.6379	28.40799	0.0	0	0.0007165241711248882
0	45.6379	20.298126	0.0	1	0.812
1	45.5308	20.351685	0.0	0	0.0007486954111186606
0	45.5308	26.914536	0.0	1	0.812
1	45.4237	26.753891	0.0	0	0.0008041776459783989
0	45.4237	20.48854	0.0	1	0.812
1	45.3166	20.500427	0.0	0	0.0008055494336645097
0	45.3166	26.49208	0.0	1	0.812
1	45.2095	25.534134	0.0	0	0.001034929247325067
0	45.2095	20.548035	0.0	1	0.812
1	45.1024	20.565887	0.0	0	0.0008742045886407368
0	45.1024	25.391327	0.0	1	0.812
1	44.9953	25.361588	0.0	0	0.0008539096475246311
0	44.9953	20.559937	0.0	1	0.812
1	44.88225	20.542084	0.0	0	0.0008594343814927186
0	44.88225	25.302078	0.0	1	0.812
1	44.77515	25.30803	0.0	0	0.0008730864877186661
0	44.77515	20.542084	0.0	1	0.812
1	44.66805	20.48854	0.0	0	0.0008809507774003578
0	44.66805	25.522232	0.0	1	0.812
1	44.56095	25.730484	0.0	0	0.0008868889268391911
0	44.56095	20.429031	0.0	1	0.812
1	44.45385	20.315979	0.0	0	0.00084435411274697
0	44.45385	25.944687	0.0	1	0.812
1	44.34675	26.15889	0.0	0	0.00085965988084169
0	44.34675	20.19104	0.0	1	0.812
1	44.23965	19.89949	0.0	0	0.000851297613436941
0	44.23965	26.379028	0.0	1	0.812
1	44.13255	26.599182	0.0	0	0.0006690847462635929
0	44.13255	17.281479	0.0	1	0.812
1	44.0195	17.269577	0.0	0	0.0006419966373520936
0	44.0195	26.84314	0.0	1	0.812
1	45.5308	27.17633	0.0	0	0.0012577695799578237
0	45.5308	28.396088	0.0	1	0.812
1	45.4237	28.425827	0.0	0	0.0010619046065620807
0	45.4237	27.53334	0.0	1	0.812
1	45.3166	27.62259	0.0	0	0.0010138920375268867
0	45.3166	28.396088	0.0	1	0.812
1	45.2095	28.425827	0.0	0	0.0010743164663828964
0	45.2095	27.777283	0.0	1	0.812
1	45.1024	27.801086	0.0	0	0.001076007711475313
0	45.1024	28.40799	0.0	1	0.812
1	44.9953	28.41394	0.0	0	0.0010713755790838775
0	44.9953	27.86058	0.0	1	0.812
1	44.88225	27.884384	0.0	0	0.00108322369053937
0	44.88225	28.40799	0.0	1	0.812
1	44.77515	28.40799	0.0	0	0.00108322369053937
0	44.77515	27.884384	0.0	1	0.812
1	44.66805	27.890335	0.0	0	0.0010804143445248826
0	44.66805	28.396088	0.0	1	0.812
1	44.56095	28.425827	0.0	0	0.0010796250968141408
0	44.56095	27.86058	0.0	1	0.812
1	44.45385	27.836777	0.0	0	0.0010796063052005422
0	44.45385	28.402039	0.0	1	0.812
1	44.34675	28.419876	0.0	0	0.0010641783916298664
0	44.34675	27.783234	0.0	1	0.812
1	44.23965	27.705887	0.0	0	0.0010935872646378186
0	44.23965	28.396088	0.0	1	0.812
1	44.13255	28.425827	0.0	0	0.0010626938542692699
0	44.13255	27.592834	0.0	1	0.812
1	44.0195	27.402435	0.0	0	0.0010905054402456926
0	44.0195	28.40799	0.0	1	0.812
1	43.9124	28.40799	0.0	0	0.0005675818532573373
0	43.9124	17.29338	0.0	1	0.812
1	43.8053	17.25769	0.0	0	0.0009962842969457597
0	43.8053	19.488937	0.0	1	0.812
1	43.6982	19.363983	0.0	0	0.0010014801777060711
0	43.6982	17.29338	0.0	1	0.812
1	43.5911	17.25769	0.0	0	0.0009984641239562109
0	43.5911	19.155731	0.0	1	0.812
1	43.484	18.191833	0.0	0	0.0012233057632826672
0	43.484	17.275528	0.0	1	0.812
1	43.3769	17.275528	0.0	0	0.0010634831019800117
0	43.3769	18.049026	0.0	1	0.812
1	43.2698	18.019287	0.0	0	0.0010772197704582709
0	43.2698	17.275528	0.0	1	0.812
1	43.15675	17.275528	0.0	0	0.0010678897350295813
0	43.15675	17.947876	0.0	1	0.812
1	43.04965	18.03714	0.0	0	0.0010854504965784884
0	43.04965	17.281479	0.0	1	0.812
1	42.94255	17.269577	0.0	0	0.0010527624872516128
0	42.94255	18.245377	0.0	1	0.812
1	42.83545	18.453629	0.0	0	0.0010935402856091514
0	42.83545	17.275528	0.0	1	0.812
1	42.72835	17.275528	0.0	0	0.0010370433036932525
0	42.72835	18.65593	0.0	1	0.812
1	42.62125	18.887985	0.0	0	0.0010694870220611108
0	42.62125	17.281479	0.0	1	0.812
1	42.51415	17.269577	0.0	0	0.0010037539627738568
0	42.51415	19.084335	0.0	1	0.812
1	42.40705	19.31044	0.0	0	0.0010546698358844253
0	42.40705	17.281479	0.0	1	0.812
1	42.294	17.269577	0.0	0	0.000989049526271657
0	42.294	19.584137	0.0	1	0.812
1	43.8053	19.953033	0.0	0	0.0009050979990092856
0	43.8053	28.396088	0.0	1	0.812
1	43.6982	28.425827	0.0	0	0.0007010962575542123
0	43.6982	20.244583	0.0	1	0.812
1	43.5911	20.315979	0.0	0	0.0006614177685051459
0	43.5911	28.354431	0.0	1	0.812
1	43.484	26.813385	0.0	0	0.0011005307653277896
0	43.484	20.458786	0.0	1	0.812
1	43.3769	20.494476	0.0	0	0.0008158002580920254
0	43.3769	26.575378	0.0	1	0.812
1	43.2698	26.521835	0.0	0	0.0007725231753177297
0	43.2698	20.542084	0.0	1	0.812
1	43.15675	20.548035	0.0	0	0.0008503110537958491
0	43.15675	25.391327	0.0	1	0.812
1	43.04965	25.37944	0.0	0	0.0008713764510126509
0	43.04965	20.571838	0.0	1	0.812
1	42.94255	20.553986	0.0	0	0.0008740918389698038
0	42.94255	25.302078	0.0	1	0.812
1	42.83545	25.27829	0.0	0	0.0008464681691151554
0	42.83545	20.548035	0.0	1	0.812
1	42.72835	20.500427	0.0	0	0.0008789118874830137
0	42.72835	25.456787	0.0	1	0.812
1	42.62125	25.66504	0.0	0	0.0009014336346417906
0	42.62125	20.452835	0.0	1	0.812
1	42.51415	20.351685	0.0	0	0.0008515888834246255
0	42.51415	25.89708	0.0	1	0.812
1	42.40705	26.09938	0.0	0	0.0008373636330283318
0	42.40705	20.232681	0.0	1	0.812
1	42.294	20.018478	0.0	0	0.0008143157207314289
0	42.294	26.29573	0.0	1	0.812
1	42.1869	26.521835	0.0	0	0.0007093269836708771
0	42.1869	17.275528	0.0	1	0.812
1	42.0798	17.275528	0.0	0	0.0006509226531221657
0	42.0798	26.724136	0.0	1	0.812
1	43.484	28.425827	0.0	0	0.001569155989020743
0	43.484	27.497635	0.0	1	0.812
1	43.3769	27.592834	0.0	0	0.0010443062617859766
0	43.3769	28.402039	0.0	1	0.812
1	43.2698	28.419876	0.0	0	0.0010752184637645712
0	43.2698	27.753479	0.0	1	0.812
1	43.15675	27.783234	0.0	0	0.0010686789827403231
0	43.15675	28.396088	0.0	1	0.812
1	43.04965	28.425827	0.0	0	0.0010722963680791509
0	43.04965	27.85463	0.0	1	0.812
1	42.94255	27.866531	0.0	0	0.00107589496180438
0	42.94255	28.396088	0.0	1	0.812
1	42.83545	28.425827	0.0	0	0.0010759137534144259
0	42.83545	27.896286	0.0	1	0.812
1	42.72835	27.884384	0.0	0	0.00108322369053937
0	42.72835	28.40799	0.0	1	0.812
1	42.62125	28.425827	0.0	0	0.0010612562959408933
0	42.62125	27.884384	0.0	1	0.812
1	42.51415	27.836777	0.0	0	0.0010796063052005422
0	42.51415	28.402039	0.0	1	0.812
1	42.40705	28.419876	0.0	0	0.001071507120368409
0	42.40705	27.789185	0.0	1	0.812
1	42.294	27.735626	0.0	0	0.0010751996721545254
0	42.294	28.402039	0.0	1	0.812
1	42.1869	28.419876	0.0	0	0.0010589825108731077
0	42.1869	27.62259	0.0	1	0.812
1	42.0798	27.473831	0.0	0	0.0010811566132034045
0	42.0798	28.40799	0.0	1	0.812
1	41.9727	28.40799	0.0	0	0.0005675818532573373
0	41.9727	17.29338	0.0	1	0.812
1	41.8656	17.25769	0.0	0	0.000555752533408338
0	41.8656	28.402039	0.0	1	0.812
1	41.7585	28.419876	0.0	0	0.0005630812621468806
0	41.7585	17.281479	0.0	1	0.812
1	41.6514	17.269577	0.0	0	0.0005611551219004696
0	41.6514	28.40799	0.0	1	0.812
1	41.5443	28.40799	0.0	0	0.0005703892404618216
0	41.53835	17.275528	0.0	1	0.812
1	41.43125	17.275528	0.0	0	0.0005621604731516072
0	41.43125	28.396088	0.0	1	0.812
1	41.32415	28.425827	0.0	0	0.0005538451847755255
0	41.32415	17.281479	0.0	1	0.812
1	41.21705	17.269577	0.0	0	0.0005703911992718247
0	41.21705	28.402039	0.0	1	0.812
1	41.10995	28.419876	0.0	0	0.000555752533408338
0	41.10995	17.275528	0.0	1	0.812
1	41.00285	17.275528	0.0	0	0.0005703911992718247
0	41.00285	28.40799	0.0	1	0.812
1	40.89575	28.40799	0.0	0	0.0005675818532573373
0	40.89575	17.29338	0.0	1	0.812
1	40.78865	17.25769	0.0	0	0.000555752533408338
0	40.78865	28.402039	0.0	1	0.812
1	40.68155	28.419876	0.0	0	0.0005630793043813753
0	40.6756	17.281479	0.0	1	0.812
1	40.5685	17.269577	0.0	0	0.0005630624705332821
0	40.5685	28.40799	0.0	1	0.812
1	40.4614	28.40799	0.0	0	0.0005684838506390122
0	40.4614	17.275528	0.0	1	0.812
1	40.3543	17.275528	0.0	0	0.0005621604731516072
0	40.3543	28.396088	0.0	1	0.812
1	40.2472	28.425827	0.0	0	0.000555752533408338
0	40.2472	17.281479	0.0	1	0.812
1	40.1401	17.269577	0.0	0	0.0005684838506390122
0	40.1401	28.402039	0.0	1	0.812
1	40.033	28.419876	0.0	0	0.000555752533408338
0	40.033	17.275528	0.0	1	0.812
1	39.9259	17.275528	0.0	0	0.0005703911992718247
0	39.9259	28.40799	0.0	1	0.812
1	39.81285	28.40799	0.0	0	0.0005675818532573373
0	39.81285	17.29338	0.0	1	0.812
1	39.70575	17.25769	0.0	0	0.000555752533408338
0	39.70575	28.402039	0.0	1	0.812
1	39.59865	28.419876	0.0	0	0.0005630812621468806
0	39.59865	17.281479	0.0	1	0.812
1	39.49155	17.269577	0.0	0	0.0005630624705332821
0	39.49155	28.40799	0.0	1	0.812
1	39.38445	28.40799	0.0	0	0.0005703911992718247
0	39.38445	17.275528	0.0	1	0.812
1	39.27735	17.275528	0.0	0	0.0005602531245187947
0	39.27735	28.396088	0.0	1	0.812
1	39.17025	28.425827	0.0	0	0.000555752533408338
0	39.17025	17.281479	0.0	1	0.812
1	39.06315	17.269577	0.0	0	0.0005703911992718247
0	39.06315	28.402039	0.0	1	0.812
1	38.9501	28.419876	0.0	0	0.0005538451847755255
0	38.9501	17.275528	0.0	1	0.812
1	38.843	17.275528	0.0	0	0.0005703911992718247
0	38.843	28.40799	0.0	1	0.812
1	38.7359	28.40799	0.0	0	0.0005675818532573373
0	38.7359	17.29338	0.0	1	0.812
1	38.6288	17.25769	0.0	0	0.000555752533408338
0	38.6288	28.402039	0.0	1	0.812
1	38.5217	28.419876	0.0	0	0.0005630812621468806
0	38.5217	17.281479	0.0	1	0.812
1	38.4146	17.269577	0.0	0	0.0005630624705332821
0	38.4146	28.40799	0.0	1	0.812
1	38.3075	28.40799	0.0	0	0.0005703911992718247
0	38.3075	17.275528	0.0	1	0.812
1	38.2004	17.275528	0.0	0	0.0005602531245187947
0	38.2004	28.396088	0.0	1	0.812
1	38.0933	28.425827	0.0	0	0.0005557505766908832
0	38.08735	17.281479	0.0	1	0.812
1	37.98025	17.269577	0.0	0	0.0005703911992718247
0	37.98025	28.402039	0.0	1	0.812
1	37.87315	28.419876	0.0	0	0.000555752533408338
0	37.87315	17.275528	0.0	1	0.812
1	37.76605	17.275528	0.0	0	0.0005684838506390122
0	37.76605	28.40799	0.0	1	0.812
1	37.65895	28.40799	0.0	0	0.0005694892018901498
0	37.65895	17.29338	0.0	1	0.812
1	37.55185	17.25769	0.0	0	0.0005538451847755255
0	37.55185	28.402039	0.0	1	0.812
1	37.44475	28.419876	0.0	0	0.0005666986474857083
0	37.44475	17.323135	0.0	1	0.812
1	43.15675	25.540085	0.0	0	0.0034172640645451224
0	43.15675	26.39093	0.0	1	0.812
1	43.04965	26.373077	0.0	0	0.0010759137534144259
0	43.04965	25.843536	0.0	1	0.812
1	42.94255	25.96849	0.0	0	0.0010563141019481748
0	42.94255	26.337387	0.0	1	0.812
1	42.83545	26.325485	0.0	0	0.0010954288426283654
0	42.83545	26.200531	0.0	1	0.812
1	43.484	19.173584	0.0	0	0.0024295675343495304
0	43.484	18.203735	0.0	1	0.812
1	43.3769	18.340576	0.0	0	0.0010468055462027337
0	43.3769	19.04863	0.0	1	0.812
1	43.2698	19.030777	0.0	0	0.0010765902514542347
0	43.2698	18.638077	0.0	1	0.812
1	43.15675	18.763031	0.0	0	0.001099252935702566
0	43.15675	19.001038	0.0	1	0.812
1	45.2095	26.462326	0.0	0	0.0029102193898182804
0	45.2095	25.492477	0.0	1	0.812
1	45.1024	25.61148	0.0	0	0.0010386875697534492
0	45.1024	26.38498	0.0	1	0.812
1	44.9953	26.36119	0.0	0	0.0010757822121298943
0	44.9953	25.908981	0.0	1	0.812
1	44.88225	26.051788	0.0	0	0.0011001737246942866
0	44.88225	26.307632	0.0	1	0.812
1	44.77515	26.337387	0.0	0	0.0011035468190776498
0	44.77515	26.277878	0.0	1	0.812
1	45.4237	19.14383	0.0	0	0.00247432915448087
0	45.4237	18.26918	0.0	1	0.812
1	45.3166	18.400085	0.0	0	0.0010568496628948765
0	45.3166	19.042679	0.0	1	0.812
1	45.2095	19.030777	0.0	0	0.0010700695620364797
0	45.2095	18.691635	0.0	1	0.812
1	45.1024	18.82254	0.0	0	0.0010561073942128019
0	45.1024	19.036728	0.0	1	0.812
1	47.3634	19.89354	0.0	0	0.0014549311745923887
0	47.3634	18.697586	0.0	1	0.812
1	47.2563	18.471481	0.0	0	0.001077623790120441
0	47.2563	20.012527	0.0	1	0.812
1	47.1492	20.107727	0.0	0	0.0010495397257699324
0	47.1492	18.406036	0.0	1	0.812
1	47.0421	18.352478	0.0	0	0.0010073713481126845
0	47.0421	20.12558	0.0	1	0.812
1	46.935	20.119629	0.0	0	0.0010275535395578572
0	46.935	18.400085	0.0	1	0.812
1	46.8279	18.411987	0.0	0	0.001025533441250559
0	46.8279	20.054184	0.0	1	0.812
1	46.7208	19.982788	0.0	0	0.00099197162196063
0	46.7208	18.62619	0.0	1	0.812
1	46.60775	19.001038	0.0	0	0.0011225827221785778
0	46.60775	19.435379	0.0	1	0.812
1	47.1492	26.58728	0.0	0	0.0027975918624214557
0	47.1492	26.521835	0.0	1	0.812
1	47.0421	25.879227	0.0	0	0.00118009445115419
0	47.0421	27.259628	0.0	1	0.812
1	46.935	27.396484	0.0	0	0.0010430002447421316
0	46.935	25.748337	0.0	1	0.812
1	46.8279	25.694778	0.0	0	0.0010211080165909436
0	46.8279	27.43814	0.0	1	0.812
1	46.7208	27.455978	0.0	0	0.0010293575343247596
0	46.7208	25.70073	0.0	1	0.812
1	46.6137	25.712631	0.0	0	0.0010247254019297714
0	46.6137	27.414337	0.0	1	0.812
1	46.50065	27.384583	0.0	0	0.000982256358479816
0	46.50065	25.843536	0.0	1	0.812
1	46.39355	25.974426	0.0	0	0.0010384150913793633
0	46.39355	27.081131	0.0	1	0.812
1	45.3166	19.63173	0.0	0	0.003145650102588604
0	45.3166	19.941132	0.0	1	0.812
1	45.2095	20.072037	0.0	0	0.0010970919003057134
0	45.2095	19.50084	0.0	1	0.812
1	45.1024	19.429428	0.0	0	0.0010706990810440686
0	45.1024	20.119629	0.0	1	0.812
1	44.9953	20.13153	0.0	0	0.0010761204611497988
0	44.9953	19.44728	0.0	1	0.812
1	44.88225	19.459183	0.0	0	0.0010641596000198206
0	44.88225	20.09584	0.0	1	0.812
1	44.77515	20.048233	0.0	0	0.0010427747453967129
0	44.77515	19.60794	0.0	1	0.812
1	44.9953	27.342926	0.0	0	0.003188137937648605
0	44.9953	26.872879	0.0	1	0.812
1	44.88225	26.771729	0.0	0	0.001066968946034308
0	44.88225	27.426239	0.0	1	0.812
1	44.77515	27.46193	0.0	0	0.0010687917324112561
0	44.77515	26.771729	0.0	1	0.812
1	44.66805	26.759827	0.0	0	0.0010605422146809929
0	44.66805	27.43814	0.0	1	0.812
1	44.56095	27.420288	0.0	0	0.0010503101818670757
0	44.56095	26.831238	0.0	1	0.812
1	44.45385	26.920486	0.0	0	0.0010406418974184817
0	44.45385	27.206085	0.0	1	0.812
1	43.2698	20.107727	0.0	0	0.0027233555986363456
0	43.2698	19.512726	0.0	1	0.812
1	43.15675	19.44728	0.0	0	0.0010752184637645712
0	43.15675	20.113678	0.0	1	0.812
1	43.04965	20.143433	0.0	0	0.0010706990810440686
0	43.04965	19.453232	0.0	1	0.812
1	42.94255	19.435379	0.0	0	0.0010678897350295813
0	42.94255	20.107727	0.0	1	0.812
1	42.83545	20.072037	0.0	0	0.0010428687034576
0	42.83545	19.554382	0.0	1	0.812
1	42.72835	19.720978	0.0	0	0.0011044488164593247
0	42.72835	19.79834	0.0	1	0.812
1	43.04965	27.307236	0.0	0	0.002882548740931412
0	43.04965	26.920486	0.0	1	0.812
1	42.94255	26.801483	0.0	0	0.0011008032437018755
0	42.94255	27.408386	0.0	1	0.812
1	42.83545	27.46193	0.0	0	0.0010633703523090787
0	42.83545	26.765778	0.0	1	0.812
1	42.72835	26.765778	0.0	0	0.0010706990810440686
0	42.72835	27.455978	0.0	1	0.812
1	42.62125	27.43219	0.0	0	0.0010540215252667906
0	42.62125	26.807434	0.0	1	0.812
1	42.51415	26.855026	0.0	0	0.001029808533015597
0	42.51415	27.26558	0.0	1	0.812
